chr21	9437432	9437536	1.2256e-07	-0.501918	13	1.0647e-13	1.0889e-11	0.17194	0.67386
chr21	9708982	9709189	4.0985e-25	-0.445816	28	4.3965e-14	3.6415e-29	0.11651	0.56232
chr21	9825467	9825500	1	0.150206	10	0.012609	0.039112	0.53434	0.38413
chr21	9825814	9825873	0.0042182	0.256853	22	4.2096e-11	3.7479e-07	0.55637	0.29952
chr21	9825874	9825959	1	0.068644	11	0.17726	0.39802	0.46951	0.40087
chr21	9825959	9825993	1	0.190574	10	0.00057459	0.011296	0.60281	0.41223
chr21	9826203	9826223	0.26329	0.282045	14	6.5068e-10	2.3393e-05	0.6372	0.35516
chr21	9826247	9826274	0.016913	0.315674	12	3.8561e-10	1.5027e-06	0.65366	0.33799
chr21	9826739	9826767	1	-0.137295	12	0.0071256	0.057775	0.1961	0.3334
chr21	9826806	9826989	1	0.207932	10	0.0013857	0.017556	0.3771	0.16917
chr21	9926653	9927097	4.6366e-54	-0.567324	61	3.2863e-14	4.1196e-58	0.10661	0.67393
chr21	10602339	10602455	1	-0.113649	10	0.022029	0.099923	0.65071	0.76436
chr21	10884811	10884909	0.9539	-0.238161	16	2.1334e-06	8.4754e-05	0.34718	0.58534
chr21	10884933	10885057	2.7927e-10	-0.317237	26	4.4076e-14	2.4813e-14	0.27868	0.59591
chr21	10989962	10990717	2.387e-78	-0.515068	101	3.1641e-14	2.1209e-82	0.18319	0.69826
chr21	10990734	10991055	1.7965e-35	-0.418935	68	3.3196e-14	1.5962e-39	0.2001	0.61903
chr21	10991060	10991216	1.8738e-30	-0.504083	42	4.6185e-14	1.6649e-34	0.1784	0.68248
chr21	11106789	11106970	3.7419e-15	-0.503835	21	4.3188e-14	3.3247e-19	0.19999	0.70383
chr21	11138064	11138261	1	0.084779	10	0.1395	0.13193	0.54447	0.45969
chr21	15038223	15038291	3.2033e-05	-0.161621	16	6.6108e-09	2.8461e-09	0.59377	0.75539
chr21	15038291	15038399	2.6441e-10	-0.294283	15	4.2633e-14	2.3493e-14	0.54788	0.84217
chr21	15068920	15069046	1	-0.195026	10	0.00063541	0.0026569	0.22293	0.41796
chr21	15069209	15069349	0.99275	-0.225713	13	3.5579e-06	8.8205e-05	0.18573	0.41144
chr21	15078066	15078365	6.5555e-07	-0.323414	11	1.618e-11	5.8246e-11	0.48849	0.8119
chr21	15095808	15095913	1.2134e-06	-0.230243	30	2.421e-12	1.0781e-10	0.1655	0.39574
chr21	15096010	15096242	1.9402e-06	-0.308229	23	1.3012e-13	1.7238e-10	0.13503	0.44326
chr21	15096354	15096433	1	-0.129727	10	0.011117	0.0071986	0.18202	0.31174
chr21	15134627	15134868	1.8558e-45	-0.284543	48	4.6296e-14	1.6489e-49	0.56045	0.845
chr21	15135363	15135977	1.2142e-30	-0.448512	36	4.1633e-14	1.0788e-34	0.37962	0.82813
chr21	15200173	15200239	1	0.060527	12	0.91931	0.61251	0.81511	0.75459
chr21	15308075	15308266	1.2724e-07	-0.288486	10	1.3806e-11	1.1305e-11	0.53493	0.82342
chr21	15352017	15352066	1	0.154231	10	0.017219	0.021819	0.49883	0.3446
chr21	15352075	15352131	1	0.275442	10	7.6189e-07	9.0222e-05	0.55205	0.27661
chr21	15352131	15352519	0.89416	0.158840	26	2.1699e-05	7.9446e-05	0.49386	0.33502
chr21	15353548	15353623	1	-0.109746	10	0.012132	0.1188	0.65637	0.76611
chr21	15399971	15400011	2.1263e-06	0.433476	10	2.9799e-11	1.8892e-10	0.49486	0.06138
chr21	15436206	15436868	1.8476e-78	-0.300523	78	3.7192e-14	1.6416e-82	0.57244	0.87297
chr21	15454556	15454774	1	0.069286	11	0.12682	0.4438	0.82111	0.75182
chr21	15755405	15755674	1.5122e-53	0.534968	36	5.6843e-14	1.3435e-57	0.59479	0.059821
chr21	16436790	16436827	1	0.069893	10	0.1701	0.71302	0.099264	0.02937
chr21	16437073	16437133	1	0.116049	21	0.0011838	0.017167	0.14414	0.028088
chr21	16437209	16437251	1	0.084941	11	0.29354	0.71761	0.11284	0.027895
chr21	16437511	16437565	1	0.050282	10	0.28086	0.86973	0.10603	0.055753
chr21	16580580	16580739	1	-0.107544	10	0.022833	0.038625	0.68562	0.79316
chr21	16776311	16776506	1	0.092922	15	0.17054	0.32383	0.84026	0.74734
chr21	17101895	17102001	0.047108	0.304966	11	2.1056e-06	4.1855e-06	0.3422	0.037229
chr21	17102020	17102232	0.0057127	0.210730	21	4.341e-14	5.0757e-07	0.26796	0.057232
chr21	17102252	17102405	7.6336e-12	0.279556	37	4.563e-14	6.7824e-16	0.30803	0.028477
chr21	17102556	17102771	4.0588e-13	0.248355	48	4.2188e-14	3.6062e-17	0.30171	0.053351
chr21	17418581	17418632	1	0.108115	12	0.11251	0.17171	0.83699	0.72888
chr21	17476869	17476957	1	-0.052955	10	0.03129	0.017701	0.77412	0.82708
chr21	18102598	18102850	1	0.091842	15	0.11312	0.16287	0.83265	0.74081
chr21	18699904	18700074	1	0.081586	12	0.081812	0.19824	0.89237	0.81078
chr21	18805523	18805646	1	-0.057260	10	0.4031	0.82117	0.66894	0.7262
chr21	18826095	18826201	1	0.095604	10	0.17117	0.38116	0.84515	0.74955
chr21	18835188	18835307	1	0.080158	10	0.61591	0.38117	0.83921	0.75905
chr21	18885530	18885980	6.3825e-134	0.540669	98	4.5408e-14	5.6708e-138	0.58555	0.044881
chr21	18935987	18936177	1	0.054678	15	0.91411	0.91205	0.89956	0.84489
chr21	18984619	18984905	1.1875e-18	0.368919	25	4.6407e-14	1.0551e-22	0.40942	0.040501
chr21	18984905	18985205	1.0025e-55	0.456236	59	3.797e-14	8.9067e-60	0.5047	0.048464
chr21	18985207	18985243	8.4869e-09	0.431641	14	1.0025e-13	7.5405e-13	0.4987	0.067059
chr21	18985252	18985521	4.2675e-49	0.442516	59	3.3973e-14	3.7916e-53	0.48494	0.042423
chr21	18985521	18985670	1.8373e-27	0.477005	26	4.5186e-14	1.6324e-31	0.52546	0.048459
chr21	19191213	19191837	1.1436e-184	0.528043	127	4.9405e-14	1.0161e-188	0.58271	0.054664
chr21	19617246	19617428	2.1452e-51	0.486504	43	3.7415e-14	1.906e-55	0.59909	0.11259
chr21	19618003	19618099	1	-0.077637	10	0.15671	0.48164	0.10671	0.18435
chr21	20454408	20454544	1	0.066525	10	0.8218	0.76953	0.85662	0.79009
chr21	20556031	20556225	1	-0.173648	11	0.0018725	0.022946	0.69312	0.86677
chr21	20866092	20866149	1	0.081933	10	0.10798	0.29145	0.87792	0.79599
chr21	21594307	21594473	1	-0.126336	14	0.019161	0.28302	0.72263	0.84897
chr21	22106357	22106486	1	0.079780	11	0.77864	0.15711	0.84091	0.76113
chr21	22154300	22154491	1	-0.117423	10	0.077678	0.29396	0.73577	0.85319
chr21	22370221	22370515	2.6524e-29	0.521580	39	4.0523e-14	2.3567e-33	0.61812	0.096541
chr21	22370515	22370715	8.7523e-10	0.288601	28	4.3854e-14	7.7763e-14	0.342	0.053399
chr21	22370733	22370987	9.4438e-12	0.270831	39	4.6074e-14	8.3908e-16	0.31825	0.047421
chr21	24152323	24152510	1	0.115976	12	0.021968	0.25803	0.84885	0.73288
chr21	24796095	24796267	1	0.112164	15	0.054279	0.23329	0.84494	0.73278
chr21	25839955	25840091	1	-0.057332	10	0.8351	0.5908	0.65519	0.71252
chr21	26332666	26332854	1	0.092947	10	0.13059	0.42982	0.78396	0.69102
chr21	26615062	26615248	1	-0.083385	10	0.065856	0.48289	0.75134	0.83472
chr21	26734225	26734316	1	-0.141813	10	0.00033058	0.011381	0.67882	0.82063
chr21	26934465	26934555	5.2541e-25	0.464792	23	4.3521e-14	4.6682e-29	0.57297	0.10818
chr21	26934573	26934661	2.0431e-24	0.512375	18	4.674e-14	1.8152e-28	0.61897	0.1066
chr21	26934672	26934705	2.0032e-15	0.527129	12	4.563e-14	1.7798e-19	0.59669	0.06956
chr21	26934712	26934774	5.0066e-21	0.433344	18	4.5186e-14	4.4483e-25	0.5319	0.098558
chr21	26979642	26979763	1.7741e-17	0.577891	10	4.4076e-14	1.5763e-21	0.63027	0.052379
chr21	26979780	26979826	6.7546e-20	0.612502	13	4.3077e-14	6.0015e-24	0.63946	0.026957
chr21	26979848	26979915	2.9459e-10	0.428063	12	5.218e-14	2.6174e-14	0.50385	0.075785
chr21	26979920	26979978	3.1364e-14	0.458478	12	4.3188e-14	2.7867e-18	0.53428	0.075807
chr21	26979990	26980133	1.3805e-22	0.608962	14	4.3965e-14	1.2266e-26	0.64806	0.0391
chr21	27106835	27107037	1	0.152472	27	0.00010724	0.0014668	0.192	0.039527
chr21	27107195	27107294	0.060392	0.210146	25	4.3632e-14	5.3658e-06	0.23822	0.028076
chr21	27107333	27107815	0.064748	0.162849	28	5.0959e-14	5.7528e-06	0.19925	0.036403
chr21	27107815	27107980	1	0.051711	12	0.046633	0.19641	0.12882	0.077114
chr21	27108033	27108090	1	0.119116	10	0.053839	0.1004	0.15476	0.035646
chr21	27291044	27291164	1	0.105164	14	0.13386	0.25178	0.94424	0.83908
chr21	27456792	27456845	1	0.060710	12	0.50112	0.60923	0.9375	0.87679
chr21	27542036	27542069	1	0.245048	14	6.625e-06	0.00011555	0.27714	0.032089
chr21	27542190	27542253	1	0.081343	12	0.069035	0.41382	0.14651	0.065166
chr21	27542643	27542688	1	0.085680	10	0.17331	0.53827	0.15152	0.065836
chr21	27542693	27542789	1	0.186991	12	0.00039972	0.0037961	0.23212	0.04513
chr21	27542844	27542931	0.073417	0.250075	19	1.302e-07	6.523e-06	0.27681	0.026733
chr21	27542939	27542976	1	0.170834	13	0.0019883	0.016958	0.20033	0.029499
chr21	27543007	27543042	1	0.163339	16	0.00022999	0.0034067	0.22065	0.057307
chr21	27543102	27543223	1	0.095050	11	0.16523	0.55099	0.14305	0.047997
chr21	27543227	27543296	1	0.193533	13	0.00074335	0.0063848	0.23791	0.044376
chr21	27543384	27543451	1	0.201416	14	0.007487	0.0030324	0.24045	0.039034
chr21	27613576	27613713	1	0.147421	10	0.00042859	0.0020857	0.87794	0.73052
chr21	27656232	27656454	1	0.056199	10	0.64501	0.48204	0.7962	0.74
chr21	27691543	27691682	1	0.107270	12	0.027806	0.1297	0.81675	0.70948
chr21	28216679	28216699	1	0.080069	12	0.30983	0.56028	0.15233	0.072265
chr21	28217053	28217158	1	0.087414	16	0.10258	0.4839	0.11428	0.026864
chr21	28217239	28217294	1	0.157310	10	0.061468	0.22126	0.21356	0.056249
chr21	28217563	28217631	1	0.098443	13	0.030683	0.12353	0.12012	0.021682
chr21	28217671	28217744	1	0.081441	12	0.14651	0.71853	0.11579	0.034353
chr21	28218684	28218743	2.2876e-05	0.376714	10	5.0425e-10	2.0325e-09	0.4623	0.085583
chr21	28337930	28338579	1.6293e-40	0.460105	66	3.4528e-14	1.4476e-44	0.64813	0.18802
chr21	28339121	28339146	7.4611e-08	0.593845	10	4.4187e-14	6.6291e-12	0.76967	0.17583
chr21	28340103	28340148	8.5825e-09	0.593267	10	4.3077e-14	7.6255e-13	0.70058	0.10731
chr21	28515880	28516202	4.5096e-44	-0.259144	53	3.8414e-14	4.0067e-48	0.58634	0.84548
chr21	28677965	28678160	1	-0.072847	11	0.042682	0.15683	0.79502	0.86787
chr21	28702660	28702819	1	0.135990	13	0.012344	0.078986	0.8379	0.70191
chr21	28757461	28757594	1	0.060351	10	0.44056	0.59555	0.84073	0.78038
chr21	28840701	28840826	1	0.091323	10	0.18209	0.59575	0.81075	0.71943
chr21	30365057	30365320	1.7138e-27	0.403078	36	4.2077e-14	1.5227e-31	0.45908	0.055998
chr21	30375011	30375404	5.0989e-33	0.487324	30	3.8081e-14	4.5303e-37	0.56644	0.079111
chr21	30383251	30383508	1	-0.077130	12	0.098544	0.41358	0.8607	0.93783
chr21	30391373	30391722	1.0679e-31	0.406034	41	5.0182e-14	9.4887e-36	0.46922	0.063186
chr21	30396857	30396879	1	0.101067	10	0.029208	0.16396	0.12596	0.024897
chr21	30445738	30445887	1.5389e-31	0.519728	23	3.7526e-14	1.3673e-35	0.58441	0.064686
chr21	30460018	30460206	1	0.186057	12	0.0030919	0.058058	0.71899	0.53293
chr21	30670778	30670945	0.12808	0.168736	35	3.1945e-07	1.138e-05	0.22317	0.05443
chr21	30670975	30671015	1	0.197855	13	4.6775e-05	0.0006808	0.23873	0.04087
chr21	30671048	30671261	1	0.149924	28	1.3138e-05	0.00047153	0.20069	0.050761
chr21	30671286	30671321	1	0.078605	10	0.076536	0.38094	0.11921	0.040609
chr21	30671321	30671509	1	0.186530	20	3.5091e-05	0.00011807	0.2215	0.034974
chr21	30671509	30671624	1	0.206491	10	0.0003529	0.0026668	0.2427	0.036211
chr21	30671675	30671709	1	0.231041	10	0.00012516	0.0016162	0.26316	0.032121
chr21	30671710	30671751	1	0.083157	10	0.16799	0.48045	0.12784	0.044688
chr21	31311420	31311861	7.3562e-55	0.479499	51	5.6177e-14	6.536e-59	0.55622	0.076725
chr21	31535906	31536184	1	0.098332	10	0.20184	0.25576	0.76574	0.66741
chr21	31766447	31766769	1	0.088975	10	0.24179	0.42916	0.77642	0.68745
chr21	32433751	32433936	1	-0.094170	10	0.10141	0.20088	0.58134	0.67551
chr21	32624157	32624258	0.20795	-0.204747	10	4.3451e-05	1.8477e-05	0.48785	0.69259
chr21	32930251	32930287	6.5223e-05	0.310247	16	2.3334e-09	5.7951e-09	0.33576	0.025512
chr21	32930287	32930407	1	0.143326	25	0.00087919	0.0021054	0.22245	0.079126
chr21	32930433	32930477	1	0.164134	10	0.0029222	0.005639	0.28205	0.11792
chr21	32930505	32930555	1	0.121185	14	0.064672	0.065409	0.19097	0.069786
chr21	32930608	32930720	0.013961	0.253101	14	1.2028e-07	1.2405e-06	0.2843	0.031201
chr21	32930740	32930794	8.0833e-06	0.328852	13	5.4868e-11	7.182e-10	0.34651	0.017658
chr21	32930911	32931072	0.0012227	0.264443	24	1.2452e-09	1.0864e-07	0.30729	0.042847
chr21	32931072	32931211	1	0.122803	17	0.0081972	0.036919	0.19765	0.074843
chr21	32931213	32931252	0.00045544	0.295257	16	7.75e-10	4.0465e-08	0.3435	0.048248
chr21	32931281	32931364	0.00038079	0.222599	29	1.0338e-06	3.3833e-08	0.2897	0.067099
chr21	32931378	32931726	2.3194e-34	0.278625	91	4.8961e-14	2.0608e-38	0.3207	0.04207
chr21	33026433	33026575	1	-0.087755	11	0.16613	0.60571	0.56994	0.65769
chr21	33032431	33032480	1	0.100995	10	0.02701	0.16369	0.1489	0.047906
chr21	33103621	33103644	1	0.146933	10	0.013102	0.084466	0.1951	0.048163
chr21	33103670	33103759	1	0.090674	13	0.13604	0.61593	0.11569	0.025017
chr21	33104040	33104067	1	0.111336	12	0.0061389	0.041738	0.13293	0.021593
chr21	33104546	33104632	1	0.092511	10	0.18661	0.59548	0.12833	0.035819
chr21	33104646	33104696	1	0.087309	10	0.050131	0.22181	0.13816	0.050852
chr21	33104701	33104721	1	0.099358	10	0.077678	0.38046	0.12777	0.028416
chr21	33244921	33245780	2.7206e-50	0.305963	107	5.4956e-14	2.4173e-54	0.3528	0.046842
chr21	33245781	33245972	3.5964e-31	0.392672	37	4.2633e-14	3.1954e-35	0.42354	0.030864
chr21	33245975	33246582	7.2306e-18	0.296424	44	4.3854e-14	6.4244e-22	0.35326	0.056841
chr21	33327684	33327821	1	0.087182	12	0.045781	0.01352	0.74207	0.65489
chr21	33370714	33370805	1	0.086446	10	0.098594	0.21886	0.63337	0.54693
chr21	33371123	33371179	1	-0.071443	10	0.1007	0.29363	0.61826	0.6897
chr21	33650924	33651042	1.9845e-15	0.408431	19	4.0301e-14	1.7633e-19	0.45456	0.046133
chr21	33687220	33687311	1	-0.099043	13	0.26184	0.46951	0.85643	0.95547
chr21	33765123	33765181	1	0.189086	10	0.00018137	0.0016151	0.23481	0.045728
chr21	33765189	33765524	1	0.079188	10	0.0040168	0.22191	0.12675	0.047564
chr21	33765528	33765565	1	0.223651	10	0.00049346	0.0034868	0.25009	0.026438
chr21	33765598	33765695	1	0.179103	12	0.00033116	0.0015013	0.23144	0.052336
chr21	33783957	33784124	6.8656e-32	0.464406	27	4.452e-14	6.1e-36	0.50373	0.039326
chr21	33784135	33784302	3.8309e-22	0.561526	13	4.4298e-14	3.4037e-26	0.58143	0.0199
chr21	33784311	33784511	1.1628e-21	0.438550	20	4.1966e-14	1.0332e-25	0.50053	0.061977
chr21	33784522	33784850	1.7537e-103	0.553327	69	4.0634e-14	1.5582e-107	0.60382	0.050495
chr21	33784850	33785330	1.0015e-59	0.491880	48	4.0301e-14	8.898e-64	0.53777	0.045893
chr21	33941702	33941794	1	0.084259	13	0.020209	0.079033	0.11486	0.030601
chr21	33984388	33984524	4.2488e-18	0.472623	21	4.5297e-14	3.775e-22	0.50039	0.027764
chr21	33984524	33984685	2.1517e-18	0.349164	29	4.4298e-14	1.9118e-22	0.41348	0.064315
chr21	33984685	33984921	7.6073e-29	0.445146	31	5.0848e-14	6.7591e-33	0.47894	0.033793
chr21	34099741	34099849	1.7561e-11	0.436965	10	4.0523e-14	1.5602e-15	0.46733	0.030369
chr21	34099859	34099893	1.8169e-15	0.557622	10	4.4631e-14	1.6143e-19	0.6137	0.056077
chr21	34099901	34099980	2.2835e-14	0.519681	13	4.7184e-14	2.0289e-18	0.5687	0.049021
chr21	34099995	34100244	1.8438e-81	0.552855	48	5.2403e-14	1.6382e-85	0.59708	0.044226
chr21	34100246	34100603	1.027e-81	0.520842	56	3.9968e-14	9.1248e-86	0.55734	0.036503
chr21	34101720	34101810	1	0.071028	10	0.067888	0.084435	0.79286	0.72184
chr21	34143545	34143709	1.5676e-58	0.559304	37	5.4956e-14	1.3928e-62	0.60419	0.044888
chr21	34143718	34143876	1.9668e-14	0.406051	19	4.3077e-14	1.7475e-18	0.44482	0.038765
chr21	34143876	34144030	3.9815e-74	0.551479	51	3.4639e-14	3.5376e-78	0.593	0.041521
chr21	34182726	34182823	1	0.058873	10	0.39357	0.76936	0.64561	0.58674
chr21	34306558	34306634	1	-0.149208	10	0.0012013	0.032958	0.52092	0.67013
chr21	34392175	34392438	2.4058e-32	0.639488	30	4.1522e-14	2.1375e-36	0.7478	0.10831
chr21	34392438	34392610	1.5209e-20	0.483321	29	4.1855e-14	1.3513e-24	0.58794	0.10461
chr21	34395155	34395318	1	0.132953	17	0.0099949	0.01707	0.21496	0.082003
chr21	34395550	34395592	1	0.084399	10	0.20426	0.53809	0.20899	0.12459
chr21	34395670	34395792	1	0.100631	10	0.027247	0.084443	0.22616	0.12553
chr21	34397541	34397584	1	0.106275	11	0.036448	0.21035	0.20439	0.098119
chr21	34397655	34398014	1	0.080682	10	0.15571	0.59289	0.16287	0.082187
chr21	34398114	34398186	1	0.186729	14	0.0014032	0.017352	0.26432	0.07759
chr21	34398968	34399285	1	0.083679	10	0.21797	0.38077	0.18971	0.10603
chr21	34399803	34399855	1	0.089391	16	0.027119	0.15165	0.20151	0.11212
chr21	34399876	34399920	1	0.181637	10	0.0082572	0.070538	0.26612	0.084488
chr21	34400117	34400154	1	0.182020	12	0.0060425	0.013391	0.23162	0.049598
chr21	34442354	34443249	9.8887e-162	0.486469	138	4.1189e-14	8.786e-166	0.59251	0.10604
chr21	34443278	34443398	2.5462e-10	0.393095	17	4.0967e-14	2.2623e-14	0.4988	0.1057
chr21	34444379	34444452	1.3317e-10	0.541514	12	4.3965e-14	1.1832e-14	0.65224	0.11072
chr21	34522075	34522120	1	-0.235361	10	0.00021047	0.0044483	0.28924	0.5246
chr21	34638199	34638647	1	0.103315	13	0.41209	0.46875	0.17414	0.070827
chr21	34638662	34639042	1.9782e-74	0.512240	52	3.5083e-14	1.7576e-78	0.55234	0.040097
chr21	34691256	34691375	1	-0.103325	10	0.1701	0.48249	0.61737	0.72069
chr21	34696669	34696700	1	0.248615	10	0.00025727	0.00016535	0.27565	0.027031
chr21	34696928	34696994	1	0.151421	10	0.0034488	0.026949	0.23329	0.081874
chr21	34735562	34735640	1	0.099679	10	0.19944	0.59563	0.92707	0.8274
chr21	34775481	34775679	5.9864e-22	0.351357	41	4.1633e-14	5.3189e-26	0.38946	0.0381
chr21	34775679	34775845	1	0.234205	10	0.00010294	0.00015962	0.28651	0.052301
chr21	34775854	34775967	2.3807e-14	0.339228	28	4.3077e-14	2.1153e-18	0.38003	0.040804
chr21	34776311	34776383	1.4059e-11	0.367311	21	4.6185e-14	1.2492e-15	0.42877	0.061456
chr21	34851742	34852097	1.5313e-36	0.377570	57	4.8961e-14	1.3605e-40	0.41865	0.041075
chr21	34852097	34852672	1.2038e-25	0.282047	64	4.6962e-14	1.0696e-29	0.34326	0.061208
chr21	34863666	34864243	3.2602e-49	0.346474	77	4.019e-14	2.8966e-53	0.39685	0.050381
chr21	34914436	34914526	6.5052e-06	0.297269	14	2.1279e-11	5.7798e-10	0.36476	0.06749
chr21	34914558	34914743	2.5481e-15	0.434405	22	4.6074e-14	2.264e-19	0.48221	0.047801
chr21	34914748	34914947	1	0.231836	12	8.8231e-06	0.00011198	0.29902	0.067186
chr21	34914961	34915664	4.7124e-30	0.364356	51	4.2188e-14	4.1869e-34	0.41412	0.049763
chr21	34915672	34915870	2.0989e-06	0.219689	32	5.3904e-11	1.8649e-10	0.31952	0.099832
chr21	34960454	34960545	3.1916e-38	0.562891	23	4.8517e-14	2.8357e-42	0.60569	0.042796
chr21	34960662	34960687	5.4699e-23	0.596799	12	4.4076e-14	4.8599e-27	0.63248	0.035686
chr21	34960687	34960796	6.2969e-30	0.490274	21	4.2299e-14	5.5947e-34	0.56795	0.077672
chr21	34960806	34960931	4.5457e-45	0.478123	34	4.2188e-14	4.0388e-49	0.53516	0.057035
chr21	34960936	34960959	1.1947e-16	0.572729	10	4.0856e-14	1.0615e-20	0.62529	0.052565
chr21	34961081	34961133	2.0521e-22	0.518937	17	3.9302e-14	1.8233e-26	0.5704	0.051461
chr21	34997401	34997531	1	-0.095888	10	0.37861	0.7695	0.81252	0.9084
chr21	35013977	35014247	3.8394e-62	0.524322	46	4.1411e-14	3.4113e-66	0.58143	0.057112
chr21	35014918	35015045	1	0.088021	29	3.6671e-13	0.036232	0.18602	0.097994
chr21	35015060	35015182	1	0.148144	31	0.0047816	0.00038009	0.20528	0.057138
chr21	35015186	35015232	1	0.228883	10	0.013228	0.0044047	0.24003	0.011149
chr21	35015238	35015294	1	0.089595	18	0.0052853	0.22961	0.15166	0.062066
chr21	35015295	35015568	0.019921	0.188251	34	4.89e-09	1.77e-06	0.21984	0.031594
chr21	35015583	35015658	1	0.167070	24	8.0351e-06	0.0002272	0.2042	0.037127
chr21	35015674	35015766	1	0.220607	10	0.00020487	0.0016082	0.2646	0.043996
chr21	35287862	35287979	0.5853	0.223915	16	4.7258e-06	5.2004e-05	0.28721	0.063298
chr21	35445798	35445823	1	0.090665	12	0.24247	0.55888	0.1252	0.03454
chr21	35445957	35446168	2.9682e-10	0.258495	32	4.6074e-14	2.6372e-14	0.29891	0.040411
chr21	35446168	35446239	1	0.146714	32	4.2077e-14	0.00079211	0.22461	0.077893
chr21	35446239	35446273	0.42829	0.286081	13	1.5385e-06	3.8053e-05	0.33253	0.046445
chr21	35446362	35446406	0.055087	0.247711	16	1.2643e-07	4.8944e-06	0.29533	0.04762
chr21	35446414	35446678	0.11839	0.272035	12	3.9751e-07	1.0519e-05	0.30054	0.02851
chr21	35574467	35574517	0.00068251	0.344281	12	2.937e-09	6.0641e-08	0.43099	0.086707
chr21	35718214	35718446	1	-0.075426	10	0.055559	0.11863	0.48676	0.56219
chr21	35747585	35748103	1.5426e-44	0.305893	91	4.8739e-14	1.3706e-48	0.35763	0.05174
chr21	35986823	35986877	1	0.226007	10	4.6761e-05	0.00040764	0.23389	0.0078788
chr21	35986890	35986923	0.00013078	0.376947	10	8.8403e-10	1.162e-08	0.40433	0.027381
chr21	35986923	35986988	1	0.119373	11	0.0053161	0.023306	0.17007	0.050697
chr21	35986988	35987028	1	0.258193	12	1.7381e-05	0.00011166	0.31458	0.056388
chr21	35987028	35987061	1	0.094875	10	0.18209	0.59533	0.17522	0.080344
chr21	35987084	35987211	3.5963e-11	0.275092	28	4.2077e-14	3.1953e-15	0.30892	0.033829
chr21	35987239	35987698	1.2218e-19	0.271556	59	4.4853e-14	1.0856e-23	0.32048	0.048929
chr21	36040759	36040913	1	0.070008	10	0.54129	0.82346	0.81471	0.7447
chr21	36041335	36042132	5.5452e-116	0.579295	117	5.0182e-14	4.9269e-120	0.68764	0.10834
chr21	36042146	36042995	8.1519e-69	0.524461	84	5.0737e-14	7.2429e-73	0.6213	0.096836
chr21	36082842	36082909	1	-0.065679	10	0.15972	0.4825	0.57883	0.64451
chr21	36164167	36164800	3.8913e-120	-0.274715	119	6.4615e-14	3.4574e-124	0.57733	0.85204
chr21	36259055	36259288	1.5284e-27	0.542651	33	3.9524e-14	1.358e-31	0.64898	0.10633
chr21	36260961	36261012	1	0.059076	11	0.029208	0.35463	0.079673	0.020597
chr21	36261698	36261725	1	0.064433	12	0.95857	0.93498	0.105	0.040564
chr21	36261745	36261825	1	0.133499	13	0.25505	0.23937	0.17956	0.046063
chr21	36261922	36262013	1	0.051510	10	0.29322	0.38002	0.070015	0.018505
chr21	36262539	36262571	1	0.103285	10	0.12295	0.33513	0.12757	0.024282
chr21	36532740	36533048	1	0.055195	11	0.41245	0.49789	0.74196	0.68677
chr21	37074794	37074901	1	-0.110511	10	0.31571	0.25361	0.66572	0.77623
chr21	37271512	37271592	1	-0.149570	10	0.19706	0.058494	0.70868	0.85825
chr21	37432227	37433108	8.4919e-86	0.416834	107	5.4845e-14	7.545e-90	0.4726	0.055761
chr21	37442215	37442494	9.5818e-16	0.258989	44	4.3854e-14	8.5133e-20	0.34362	0.084627
chr21	37507283	37507525	1.7268e-20	0.335720	38	4.7518e-14	1.5343e-24	0.38342	0.047696
chr21	37508035	37508192	0.0015072	0.406193	10	8.7325e-09	1.3391e-07	0.46176	0.055564
chr21	37528542	37528603	1	0.171852	13	0.043559	0.048578	0.24733	0.075481
chr21	37528603	37529076	0.28665	0.157740	40	3.9155e-05	2.5469e-05	0.21865	0.060907
chr21	37529079	37529109	1	0.238271	11	4.9799e-05	0.0012201	0.27146	0.033191
chr21	37529156	37529222	1	0.176205	17	2.3677e-05	0.00048404	0.21016	0.03395
chr21	37529238	37529412	1	0.077908	12	1.122e-05	0.080951	0.13141	0.053501
chr21	37529611	37529789	1.8807e-08	0.352335	18	7.4607e-14	1.671e-12	0.40532	0.052984
chr21	37645020	37645097	1	-0.064917	10	0.99455	0.71329	0.87702	0.94194
chr21	37667855	37668250	1	-0.121513	20	0.00061011	0.0025124	0.6545	0.77601
chr21	37692339	37692528	1	0.172772	17	0.0015432	0.0042735	0.20179	0.029015
chr21	37692536	37692592	0.034555	0.263264	10	4.1725e-07	3.0702e-06	0.27033	0.0070652
chr21	37692649	37692739	1	0.110828	27	9.4882e-06	0.00016805	0.17944	0.068609
chr21	37757529	37757711	5.2927e-11	0.242377	46	4.6296e-14	4.7025e-15	0.2926	0.050224
chr21	37757711	37757885	9.8871e-07	0.309416	20	5.8188e-11	8.7846e-11	0.34243	0.033016
chr21	37757894	37757995	1	0.200701	13	0.00052077	0.00032583	0.25908	0.058381
chr21	37767452	37767846	1	0.087460	12	0.0018931	0.0089881	0.67495	0.58749
chr21	38065499	38065557	0.16061	0.311775	12	4.4312e-08	1.427e-05	0.57003	0.25825
chr21	38065562	38065595	1	0.211697	10	0.00030155	0.004429	0.49241	0.28071
chr21	38065595	38065699	0.024743	0.306296	11	4.4011e-07	2.1984e-06	0.48393	0.17764
chr21	38065699	38065815	1	0.131709	19	0.0038305	0.0030738	0.482	0.35029
chr21	38065819	38066118	1.0676e-07	0.257411	24	1.0696e-10	9.4858e-12	0.5306	0.27319
chr21	38076808	38076928	4.105e-05	0.263695	18	2.0983e-08	3.6472e-09	0.49381	0.23011
chr21	38076930	38076975	9.4871e-06	0.388709	10	2.8543e-10	8.4293e-10	0.54026	0.15155
chr21	38076976	38077219	2.4689e-07	0.217032	40	5.8176e-14	2.1936e-11	0.42673	0.2097
chr21	38077226	38077667	1.6165e-23	0.304878	54	4.1966e-14	1.4363e-27	0.49378	0.1889
chr21	38079081	38079274	1	0.148162	10	0.019406	0.11869	0.2657	0.11754
chr21	38148876	38149011	1	-0.091415	10	0.85915	0.29335	0.82771	0.91912
chr21	38338400	38338520	3.8548e-06	0.335577	16	4.4067e-12	3.425e-10	0.40911	0.073537
chr21	38338715	38338877	1.7026e-25	0.379957	45	4.1966e-14	1.5128e-29	0.41936	0.039407
chr21	38338959	38339140	1.3861e-34	0.458753	36	3.8525e-14	1.2316e-38	0.49363	0.034874
chr21	38362189	38362393	9.8976e-13	0.307217	34	4.9183e-14	8.794e-17	0.35807	0.05085
chr21	38378353	38379296	5.8583e-62	0.315252	133	5.0626e-14	5.2051e-66	0.49324	0.17799
chr21	38442939	38443224	3.4588e-21	-0.495895	19	5.0293e-14	3.0731e-25	0.3556	0.8515
chr21	38445439	38445638	9.2582e-31	0.328008	72	4.341e-14	8.2259e-35	0.37787	0.049864
chr21	38445640	38445998	1.348e-12	0.321808	34	3.9968e-14	1.1976e-16	0.35868	0.03687
chr21	38593122	38593504	2.5513e-05	0.199635	26	1.8909e-11	2.2669e-09	0.23631	0.036674
chr21	38639541	38639902	1.1117e-16	0.247876	60	4.563e-14	9.8774e-21	0.29381	0.045932
chr21	38640232	38640351	2.967e-05	0.277982	24	9.7048e-11	2.6362e-09	0.317	0.039021
chr21	38640352	38640460	1	0.178802	18	1.0435e-05	9.2626e-05	0.20608	0.027282
chr21	38648151	38648347	1	-0.118003	10	0.28854	0.42978	0.14638	0.26439
chr21	38738626	38738655	1	-0.097005	12	0.10068	0.29127	0.16911	0.26612
chr21	38739238	38739276	1	0.194452	10	0.001187	0.007208	0.30125	0.1068
chr21	38739854	38739873	1	-0.079712	13	0.6171	0.38163	0.16078	0.24049
chr21	38936071	38936495	4.0609e-44	0.431751	50	5.4956e-14	3.6081e-48	0.48767	0.055923
chr21	38969582	38969672	1	-0.105034	10	0.15871	0.38068	0.75877	0.8638
chr21	39288471	39289186	7.3012e-80	0.400270	94	4.563e-14	6.4871e-84	0.49178	0.091513
chr21	39334849	39334945	1	0.136763	10	0.011117	0.13811	0.75337	0.61661
chr21	39959443	39959527	1	-0.143206	10	0.12378	0.01767	0.62289	0.76609
chr21	40032328	40032675	6.3775e-102	0.576395	104	4.1855e-14	5.6664e-106	0.67623	0.099836
chr21	40032679	40032998	0.005205	0.384819	12	1.086e-07	4.6246e-07	0.49712	0.11231
chr21	40033374	40033636	5.7436e-45	0.604518	43	5.6954e-14	5.1032e-49	0.70259	0.09807
chr21	40177142	40177405	1	0.104490	31	0.0012657	0.010822	0.1696	0.065111
chr21	40177405	40177456	1	0.194941	17	0.00042003	0.002439	0.22369	0.028745
chr21	40177459	40177533	1	0.156482	13	0.0020509	0.013948	0.19291	0.036428
chr21	40177853	40177980	1	0.098633	12	0.73562	0.41247	0.13701	0.038373
chr21	40178007	40178142	1	0.073306	23	0.066695	0.080121	0.13628	0.062976
chr21	40178182	40178223	1	0.182988	12	4.0623e-05	0.00032698	0.21885	0.035863
chr21	40178298	40178329	1	0.174662	12	0.0019954	0.019947	0.21699	0.042326
chr21	40178340	40178418	1	0.070267	10	6.8288e-10	0.29404	0.12105	0.050784
chr21	40178420	40178466	1	0.141058	10	0.0031581	0.026679	0.15328	0.012224
chr21	40178535	40178583	1	0.196590	13	1.9606e-05	0.00025246	0.24479	0.048196
chr21	40194658	40194822	2.7349e-20	-0.180946	34	4.4964e-14	2.4299e-24	0.60882	0.78977
chr21	40316413	40316699	1	0.175758	10	0.009498	0.16394	0.74984	0.57408
chr21	40555107	40555328	7.3682e-27	0.470726	27	4.563e-14	6.5466e-31	0.51106	0.040335
chr21	40555724	40555886	1.6268e-14	0.466979	16	4.6074e-14	1.4454e-18	0.51364	0.046665
chr21	40627058	40627211	1	0.096004	10	0.034651	0.29235	0.89229	0.79629
chr21	40684649	40685196	9.1108e-113	0.530640	77	6.8612e-14	8.0948e-117	0.58156	0.050917
chr21	40685428	40686118	2.6227e-210	0.553399	144	7.1498e-14	2.3303e-214	0.59814	0.04474
chr21	40686118	40686244	2.1386e-24	0.451368	23	4.452e-14	1.9001e-28	0.51739	0.066023
chr21	40720608	40720731	1	0.185671	10	0.00012691	0.00093634	0.20265	0.016979
chr21	40720765	40720791	1	0.179409	10	0.00075646	0.0034872	0.23509	0.055679
chr21	40720802	40720864	6.8634e-07	0.314643	21	4.9183e-14	6.0981e-11	0.36405	0.049406
chr21	40720864	40721233	4.2009e-08	0.223518	42	5.3069e-14	3.7325e-12	0.27451	0.050989
chr21	40721233	40721341	1.9995e-06	0.307898	19	4.5119e-13	1.7766e-10	0.35307	0.045172
chr21	40752189	40752243	0.040947	0.199294	21	7.6357e-12	3.6381e-06	0.27576	0.076468
chr21	40752245	40752414	1	0.089995	26	5.0071e-14	0.013259	0.1704	0.080401
chr21	40752442	40752577	1	0.201809	17	1.9937e-05	0.00031313	0.2381	0.036287
chr21	40752577	40752671	1	0.182155	10	0.002059	0.011317	0.22102	0.038869
chr21	40752671	40752808	1	0.164570	16	0.00015696	0.0023294	0.19766	0.033088
chr21	40817365	40817426	1	0.243404	12	4.2487e-05	0.00024677	0.30415	0.060749
chr21	40817428	40817564	1	0.153019	14	0.0010902	0.020792	0.21048	0.057461
chr21	40817627	40817742	2.3632e-14	0.257421	40	4.2633e-14	2.0997e-18	0.3044	0.046982
chr21	41121300	41121441	1	0.076452	10	0.24042	0.38122	0.52809	0.45164
chr21	41385129	41385186	1	0.133891	12	0.0067466	0.01996	0.58982	0.45593
chr21	41516365	41516425	3.1702e-07	-0.532730	10	6.8501e-14	2.8167e-11	0.082169	0.6149
chr21	41853138	41853287	1	-0.111374	10	0.056879	0.11873	0.63773	0.7491
chr21	41908430	41908580	1	-0.124019	12	0.003118	0.029141	0.6231	0.74712
chr21	42218498	42218793	1.2594e-72	0.503471	56	5.4734e-14	1.119e-76	0.59468	0.091207
chr21	42218812	42219096	2.7743e-45	0.473229	39	4.1522e-14	2.465e-49	0.57704	0.10382
chr21	42219096	42219195	2.7645e-18	0.558314	13	4.3077e-14	2.4562e-22	0.61502	0.056708
chr21	42471445	42471581	1	0.079158	10	0.12546	0.38023	0.41312	0.33396
chr21	42539611	42539635	1	0.129980	10	0.0053578	0.040184	0.15484	0.024864
chr21	42539689	42539755	1	0.051945	16	0.18962	0.6155	0.078603	0.026658
chr21	42735519	42735681	1	0.113782	10	0.091172	0.16403	0.90509	0.79131
chr21	42764753	42764891	1	0.128098	10	0.0036827	0.026759	0.93853	0.81044
chr21	42798189	42798282	1.7057e-11	0.432629	12	4.5075e-14	1.5155e-15	0.59566	0.16303
chr21	42879659	42879782	1	0.159222	10	0.014966	0.16392	0.20792	0.048701
chr21	42879858	42879999	1	0.103338	19	4.4964e-14	0.07488	0.13385	0.030508
chr21	42880002	42880035	1	0.096196	11	0.0027503	0.028242	0.10395	0.0077511
chr21	42880085	42880164	1	0.053319	15	0.39337	0.87993	0.07889	0.025571
chr21	42922590	42922729	1	0.157973	15	0.00024366	0.014612	0.76352	0.60555
chr21	43080214	43080513	1	0.142854	13	0.033645	0.14203	0.74272	0.59986
chr21	43160978	43161259	6.224e-49	-0.292087	46	5.3735e-14	5.53e-53	0.62818	0.92027
chr21	43161574	43161693	7.8055e-17	-0.336047	14	4.0967e-14	6.9351e-21	0.58719	0.92324
chr21	43161696	43162009	1.9588e-10	-0.296543	10	4.2411e-14	1.7404e-14	0.62089	0.91743
chr21	43162009	43162106	2.6354e-10	-0.514528	10	4.4187e-14	2.3416e-14	0.30828	0.82281
chr21	43177402	43177540	3.4385e-07	-0.457610	10	1.1802e-13	3.0551e-11	0.36471	0.82232
chr21	43221625	43221765	1.5848e-19	-0.289894	16	4.0745e-14	1.4081e-23	0.56691	0.85681
chr21	43228032	43228431	6.2773e-16	-0.270909	12	4.019e-14	5.5773e-20	0.63929	0.9102
chr21	43236431	43236482	1.3768e-08	-0.252792	14	1.8354e-12	1.2233e-12	0.56059	0.81338
chr21	43254862	43254997	1	-0.066250	10	0.066866	0.163	0.7408	0.80705
chr21	43255534	43255701	1.4219e-09	-0.307481	16	4.1633e-14	1.2633e-13	0.60408	0.91156
chr21	43256409	43256688	1.9839e-09	-0.166433	26	4.9516e-14	1.7627e-13	0.71473	0.88116
chr21	43256728	43256897	0.0077492	-0.226568	13	3.4268e-08	6.8851e-07	0.62167	0.84824
chr21	43274736	43274765	0.014461	-0.062541	10	1.1407e-05	1.2849e-06	0.80224	0.86478
chr21	43312829	43312958	1	0.119815	10	0.089872	0.48252	0.25195	0.13213
chr21	43319226	43319381	1	-0.108233	16	0.021875	0.24155	0.1137	0.22193
chr21	43327742	43327980	6.4094e-32	-0.291894	39	4.9183e-14	5.6948e-36	0.554	0.84589
chr21	43373468	43373831	3.1021e-25	0.290344	68	4.1966e-14	2.7562e-29	0.3389	0.048559
chr21	43373838	43373871	1	0.205043	10	1.5611e-08	0.00053647	0.26289	0.057847
chr21	43373871	43373938	1	0.138164	16	0.0065355	0.028169	0.23986	0.10169
chr21	43373938	43373951	0.050006	0.305478	10	9.896e-07	4.443e-06	0.33542	0.029942
chr21	43374131	43374156	3.1821e-12	0.495338	12	4.1966e-14	2.8273e-16	0.57375	0.078417
chr21	43374161	43374249	1.7891e-12	0.329965	22	4.3743e-14	1.5896e-16	0.39852	0.068559
chr21	43375583	43376034	1	-0.092016	10	0.42455	0.5941	0.70531	0.79732
chr21	43429305	43430072	3.3477e-21	0.223682	78	3.9746e-14	2.9744e-25	0.28036	0.056675
chr21	43430072	43430647	1.1961e-32	0.298758	79	5.0404e-14	1.0627e-36	0.33862	0.039864
chr21	43430648	43430947	1.077e-08	0.207588	55	5.0182e-14	9.5695e-13	0.2812	0.07361
chr21	43430947	43431049	6.6785e-15	0.284535	43	4.0745e-14	5.9338e-19	0.33748	0.052948
chr21	43431050	43431209	2.7621e-07	0.211318	36	1.939e-12	2.4541e-11	0.25819	0.046871
chr21	43431209	43431471	2.669e-05	0.304008	23	5.6646e-12	2.3713e-09	0.35407	0.050064
chr21	43442205	43442312	1	0.139722	10	0.031023	0.1005	0.73085	0.59112
chr21	43605239	43605435	1	-0.141023	14	0.032496	0.087915	0.71267	0.85369
chr21	43639092	43639194	1	0.104229	10	0.16485	0.2917	0.11171	0.0074848
chr21	43639195	43639218	1	0.168975	12	0.00030572	0.0037215	0.20528	0.036309
chr21	43639275	43639309	1	0.187821	10	0.00067641	0.0015852	0.24124	0.053415
chr21	43639315	43639344	1	0.112931	10	0.017867	0.11891	0.1806	0.067673
chr21	43639344	43639359	1	0.204959	10	0.0002713	0.0027038	0.23821	0.033252
chr21	43639359	43639426	1	0.102509	15	0.047451	0.32551	0.13819	0.035677
chr21	43639433	43639519	1	0.234659	10	0.00012173	0.0016102	0.24382	0.0091626
chr21	43639557	43639656	1	0.150565	14	0.0034116	0.029338	0.18332	0.032752
chr21	43639666	43639734	1	0.229544	10	0.00012869	0.0015972	0.24851	0.018968
chr21	43639778	43639832	1	0.198029	12	1.8002e-05	0.00019304	0.23061	0.032582
chr21	43640054	43640102	1	0.146194	10	0.016902	0.11882	0.18618	0.039989
chr21	43654906	43655361	9.3896e-37	0.274778	93	4.4964e-14	8.3426e-41	0.36591	0.091129
chr21	43726166	43726291	0.00539	-0.234510	10	3.8047e-05	4.789e-07	0.40274	0.63725
chr21	43771120	43771260	1	0.106896	10	0.034071	0.19065	0.78798	0.68108
chr21	43864669	43864715	1	0.109733	10	0.0018138	0.0090894	0.78115	0.67142
chr21	43916415	43916631	5.9457e-13	0.267183	42	4.5519e-14	5.2827e-17	0.31662	0.049437
chr21	43916708	43916812	0.054845	0.236297	16	1.0125e-07	4.873e-06	0.27178	0.035479
chr21	43933554	43933990	0.0003499	0.170697	33	1.7519e-08	3.1089e-08	0.23078	0.06008
chr21	43934010	43934061	1	0.228463	10	0.00058927	0.0072076	0.28314	0.05468
chr21	43934068	43934158	1	0.169410	18	0.0010639	0.003618	0.2053	0.035888
chr21	43934174	43934262	1	0.138926	12	0.0089073	0.041479	0.20655	0.067626
chr21	43934278	43934511	1	0.180411	13	0.0036684	0.014134	0.23045	0.050039
chr21	43934633	43934750	1	0.154314	13	0.00044206	0.049018	0.17441	0.020099
chr21	44037345	44037405	0.26388	-0.313657	10	5.6475e-07	2.3446e-05	0.34013	0.65379
chr21	44073246	44073484	1.3971e-51	0.572125	33	4.4742e-14	1.2414e-55	0.61497	0.042848
chr21	44073493	44073724	1.9593e-41	0.554858	28	4.019e-14	1.7408e-45	0.5991	0.044243
chr21	44073730	44073755	5.7554e-13	0.554736	10	4.1522e-14	5.1136e-17	0.60421	0.049478
chr21	44073755	44073794	1.6304e-11	0.431474	13	4.2299e-14	1.4486e-15	0.51641	0.084934
chr21	44073794	44073917	2.9302e-43	0.537520	31	4.5186e-14	2.6035e-47	0.58707	0.049548
chr21	44074097	44074460	4.6071e-56	0.532462	40	5.1514e-14	4.0934e-60	0.56217	0.029704
chr21	44086680	44086801	1	0.097138	10	0.044428	0.11879	0.7388	0.64166
chr21	44089156	44089366	1.6301e-10	-0.394475	15	4.2411e-14	1.4483e-14	0.45599	0.85047
chr21	44152481	44152796	1	-0.178623	12	0.020938	0.029169	0.574	0.75262
chr21	44164131	44164230	1	-0.147416	10	0.057325	0.14	0.60915	0.75656
chr21	44201536	44201573	1	-0.115489	10	0.12378	0.070682	0.62345	0.73894
chr21	44222891	44223101	1	0.057731	10	0.19005	0.29271	0.73285	0.67511
chr21	44279795	44279854	1	0.136985	10	0.12715	0.25014	0.82554	0.68856
chr21	44299152	44299780	7.2394e-51	0.422798	57	5.4068e-14	6.4321e-55	0.47089	0.048093
chr21	44300005	44300166	0.45025	-0.130913	14	2.4332e-06	4.0004e-05	0.77866	0.90957
chr21	44313125	44313653	3.7095e-121	0.547436	87	3.9635e-14	3.2959e-125	0.59701	0.049573
chr21	44314040	44314106	1	-0.083372	10	0.11726	0.3354	0.77073	0.85411
chr21	44339742	44340020	1	-0.068001	11	0.15814	0.20873	0.66137	0.72937
chr21	44394146	44394400	0.81043	0.175473	24	5.4892e-06	7.2006e-05	0.21524	0.039767
chr21	44394415	44394572	1.4431e-06	0.351034	18	6.9389e-14	1.2822e-10	0.3741	0.023068
chr21	44394934	44395061	2.6173e-07	0.265487	28	5.4969e-12	2.3255e-11	0.31139	0.045907
chr21	44395061	44395146	6.5529e-09	0.240658	31	4.3299e-14	5.8222e-13	0.28271	0.042053
chr21	44395146	44395297	0.0014431	0.188175	36	1.4153e-07	1.2822e-07	0.25303	0.064851
chr21	44395305	44395351	0.0010262	0.283503	19	5.1484e-09	9.1178e-08	0.31952	0.036016
chr21	44395359	44395543	0.0011147	0.207812	30	3.6773e-09	9.9038e-08	0.26214	0.054331
chr21	44395555	44395789	4.2663e-07	0.247120	31	7.2209e-13	3.7906e-11	0.29324	0.046122
chr21	44477814	44477940	2.1658e-11	-0.354083	14	4.4742e-14	1.9243e-15	0.55406	0.90814
chr21	44483063	44483131	1	-0.065903	12	0.035614	0.081682	0.74924	0.81514
chr21	44486036	44486299	2.989e-08	-0.248831	17	1.062e-11	2.6557e-12	0.54063	0.78947
chr21	44494772	44495075	9.4573e-56	0.464782	55	5.218e-14	8.4028e-60	0.55861	0.09383
chr21	44495730	44496177	6.5519e-86	0.435303	78	5.1847e-14	5.8213e-90	0.5275	0.092199
chr21	44496196	44496917	7.1112e-130	0.503494	109	7.1609e-14	6.3182e-134	0.5808	0.077304
chr21	44527503	44527633	0.049005	0.207848	27	7.4732e-05	4.354e-06	0.24544	0.03759
chr21	44527643	44527755	1	0.141785	28	3.0794e-10	0.0016578	0.21449	0.072708
chr21	44574331	44574753	2.3154e-23	-0.489229	29	4.6296e-14	2.0572e-27	0.29022	0.77945
chr21	44576496	44576593	1	-0.063075	14	0.51201	0.88698	0.78429	0.84737
chr21	44592684	44592953	0.00043151	0.235252	24	5.1109e-09	3.8339e-08	0.41692	0.18166
chr21	44593003	44593159	1	0.211541	11	0.00066732	0.0032387	0.35032	0.13878
chr21	44593229	44593350	1	0.126325	21	0.002063	0.0043151	0.34347	0.21714
chr21	44593350	44593441	1	0.233259	11	3.5728e-05	0.00054132	0.37249	0.13923
chr21	44593456	44593521	2.3578e-05	0.371162	10	1.0052e-09	2.0949e-09	0.49143	0.12027
chr21	44593537	44593597	1	0.186265	10	0.00081462	0.0026679	0.43147	0.2452
chr21	44630385	44630528	1	0.127126	10	0.012016	0.014226	0.67136	0.54424
chr21	44735928	44736045	1	-0.146633	10	0.11726	0.021882	0.60493	0.75156
chr21	44779870	44780050	1	0.135308	10	0.0182	0.25547	0.75022	0.61491
chr21	44789781	44789905	1	-0.161186	10	0.015108	0.1188	0.44953	0.61071
chr21	44813200	44813280	0.00074075	-0.138630	10	3.5603e-08	6.5815e-08	0.79188	0.93052
chr21	44817399	44817457	1	0.060315	12	0.31983	0.77048	0.6739	0.61359
chr21	44819100	44819675	8.3684e-08	-0.252901	37	2.1039e-13	7.4353e-12	0.26513	0.51804
chr21	44836925	44837056	1	-0.146624	13	0.024239	0.16267	0.60869	0.75531
chr21	44837135	44837473	1	-0.215620	10	0.0004872	0.00082334	0.46052	0.67614
chr21	44837479	44837684	1.5748e-08	-0.302333	17	4.5852e-14	1.3992e-12	0.50821	0.81055
chr21	44838869	44838926	1	0.066305	10	0.17224	0.51587	0.76271	0.6964
chr21	44839827	44840180	7.2898e-05	-0.145293	11	1.2071e-08	6.4769e-09	0.71093	0.85623
chr21	44840180	44840369	6.1295e-24	-0.304439	20	4.6074e-14	5.446e-28	0.59997	0.90441
chr21	44840373	44840443	1.105e-08	-0.225267	13	2.3936e-10	9.8181e-13	0.54949	0.77476
chr21	44847174	44847219	1	0.133156	10	0.0034112	0.058605	0.25258	0.11943
chr21	44847282	44847311	1	-0.082775	13	0.089064	0.2398	0.1552	0.23797
chr21	44847314	44847366	1	0.063440	15	0.30643	0.84119	0.22915	0.16571
chr21	44863958	44864114	2.8074e-06	-0.301936	17	8.4677e-13	2.4943e-10	0.36736	0.6693
chr21	44864125	44864344	3.3231e-08	-0.358750	21	4.6074e-14	2.9525e-12	0.27543	0.63418
chr21	44864383	44864454	5.2217e-12	-0.512699	14	4.1744e-14	4.6394e-16	0.26638	0.77908
chr21	44864454	44864519	0.00017704	-0.354297	16	1.8564e-10	1.573e-08	0.31583	0.67013
chr21	44865637	44865809	1	-0.099571	10	0.20548	0.42972	0.51214	0.61171
chr21	44869886	44869962	1	0.108227	10	0.1341	0.48259	0.6846	0.57637
chr21	44871566	44871720	1	0.098139	10	0.82977	0.16335	0.76167	0.66353
chr21	44877589	44877774	1	-0.131819	11	0.045163	0.39959	0.58589	0.71771
chr21	45001038	45001085	1	-0.069534	10	0.009498	0.11872	0.8851	0.95464
chr21	45077730	45077851	1	0.195124	13	0.00064979	0.00086359	0.59999	0.40486
chr21	45077855	45077919	0.071734	0.336473	10	2.8066e-07	6.3735e-06	0.64824	0.31177
chr21	45078078	45078184	1	0.235636	12	7.629e-06	0.0038008	0.66635	0.43071
chr21	45079313	45079365	0.93991	0.254088	12	3.7281e-06	8.351e-05	0.61688	0.36279
chr21	45079365	45079434	1	0.169395	28	8.9941e-07	0.00024097	0.60965	0.44025
chr21	45079461	45079505	1	0.225536	12	1.264e-05	0.0011647	0.6265	0.40096
chr21	45079538	45079567	1	0.144400	10	0.0067361	0.01254	0.52621	0.38181
chr21	45079625	45079683	0.071738	0.285460	10	6.0615e-07	6.3739e-06	0.59798	0.31252
chr21	45079685	45079946	0.023828	0.169925	34	3.9737e-07	2.1171e-06	0.56397	0.39405
chr21	45138475	45138533	5.5744e-07	0.435864	10	5.1015e-13	4.9528e-11	0.48962	0.053759
chr21	45138592	45138622	3.2966e-09	0.434382	13	4.4187e-14	2.929e-13	0.48039	0.046011
chr21	45138630	45138659	2.3355e-08	0.476884	11	7.3497e-14	2.0751e-12	0.49652	0.01964
chr21	45138968	45139071	8.2846e-31	0.445635	37	4.6962e-14	7.3608e-35	0.51306	0.067422
chr21	45139080	45139153	6.9652e-11	0.382362	18	1.1868e-13	6.1886e-15	0.42726	0.044895
chr21	45139153	45139273	8.6213e-21	0.369818	32	4.3077e-14	7.66e-25	0.42336	0.053542
chr21	45139273	45139611	4.1022e-55	0.447023	53	3.8081e-14	3.6448e-59	0.49454	0.047515
chr21	45149332	45149613	4.7264e-22	-0.529751	29	4.885e-14	4.1993e-26	0.1001	0.62985
chr21	45167864	45168226	1	-0.092844	11	0.11753	0.6054	0.80027	0.89311
chr21	45169015	45169144	1	0.073872	12	0.16623	0.45966	0.93693	0.86306
chr21	45209333	45209406	4.3504e-07	0.282876	25	2.4513e-11	3.8653e-11	0.32051	0.037639
chr21	45209406	45209759	1.2669e-05	0.209823	39	4.3188e-14	1.1256e-09	0.24162	0.0318
chr21	45224678	45224774	0.048991	-0.354647	10	1.423e-07	4.3528e-06	0.28517	0.63982
chr21	45232171	45232236	1	0.106525	12	0.0014246	0.041745	0.67343	0.56691
chr21	45244321	45244439	1	-0.062355	10	0.21291	0.084299	0.58314	0.6455
chr21	45274879	45274978	1	0.172125	10	0.0073114	0.033015	0.50616	0.33404
chr21	45276568	45276751	1	-0.122623	13	0.036849	0.14214	0.3739	0.49652
chr21	45284479	45284501	1	0.171177	10	0.00072885	0.014251	0.45801	0.28683
chr21	45284993	45285040	1	0.112785	12	0.021083	0.03497	0.48985	0.37707
chr21	45285187	45285260	1	0.119874	13	0.030153	0.14216	0.42061	0.30074
chr21	45363511	45364174	8.8527e-43	-0.377690	48	4.1078e-14	7.8655e-47	0.44095	0.81864
chr21	45367250	45367342	1	-0.068481	11	0.00059859	0.0032662	0.90372	0.9722
chr21	45402512	45402794	4.5315e-23	-0.280251	26	4.8517e-14	4.0262e-27	0.59985	0.8801
chr21	45431821	45431851	0.0052302	0.314656	10	4.4819e-07	4.647e-07	0.36659	0.051929
chr21	45431862	45431920	1.9913e-12	0.466969	12	4.5963e-14	1.7693e-16	0.49104	0.024074
chr21	45431945	45431970	4.5135e-08	0.392141	12	4.6418e-13	4.0103e-12	0.41505	0.022908
chr21	45432032	45432150	5.3718e-10	0.307322	23	4.3743e-14	4.7728e-14	0.32941	0.022091
chr21	45432164	45432436	0.00018631	0.299314	11	1.0322e-08	1.6553e-08	0.3659	0.066588
chr21	45432451	45432790	2.0191e-17	0.275676	43	4.3521e-14	1.794e-21	0.32462	0.048939
chr21	45432790	45432944	4.7584e-16	0.379852	27	4.2188e-14	4.2278e-20	0.42417	0.044321
chr21	45515414	45515514	1	0.057243	10	0.55037	0.91333	0.93803	0.88079
chr21	45527036	45527422	9.2181e-36	0.378922	54	4.8517e-14	8.1902e-40	0.44521	0.06629
chr21	45527422	45527635	3.8502e-26	0.397864	39	4.0745e-14	3.4209e-30	0.45447	0.056607
chr21	45527655	45527792	1.365e-26	0.423309	33	3.8969e-14	1.2128e-30	0.47182	0.048511
chr21	45533704	45533817	1	-0.063824	13	0.45398	0.81367	0.85541	0.91924
chr21	45535758	45536329	1	0.082932	16	0.60427	0.61447	0.94884	0.86591
chr21	45536590	45536737	1	0.115694	12	0.020369	0.11169	0.94251	0.82682
chr21	45553089	45553250	9.8862e-07	0.322496	17	8.763e-12	8.7839e-11	0.34525	0.022752
chr21	45553250	45553412	6.5063e-06	0.234609	26	5.9902e-12	5.7808e-10	0.28768	0.053074
chr21	45553882	45553960	0.0002731	0.266940	18	2.0475e-08	2.4265e-08	0.29749	0.03055
chr21	45558256	45558383	1	0.093710	10	0.060996	0.11857	0.71919	0.62548
chr21	45575514	45575664	1.1017e-05	-0.296765	18	5.2239e-11	9.7884e-10	0.090896	0.38766
chr21	45586708	45587117	5.2909e-07	-0.295171	23	1.0736e-13	4.701e-11	0.23521	0.53038
chr21	45592823	45592957	1	0.062288	12	0.048972	0.1974	0.63071	0.56843
chr21	45622594	45623007	0.00013028	-0.194189	31	1.5774e-09	1.1576e-08	0.26016	0.45435
chr21	45648225	45648341	1	-0.099245	12	0.019404	0.058112	0.55915	0.6584
chr21	45648991	45649079	1	0.183052	10	0.0011729	0.070661	0.766	0.58294
chr21	45649309	45649565	1	-0.108966	10	0.038958	0.14003	0.53767	0.64664
chr21	45660210	45660294	3.1373e-12	0.467012	10	4.0967e-14	2.7875e-16	0.53628	0.069267
chr21	45660577	45660681	2.4164e-30	0.474842	32	4.1078e-14	2.147e-34	0.59115	0.11631
chr21	45661037	45661089	3.8477e-19	0.524605	14	4.6074e-14	3.4186e-23	0.59697	0.072367
chr21	45661160	45661190	1.9658e-12	0.550729	10	4.6518e-14	1.7466e-16	0.5971	0.046369
chr21	45662208	45662406	0.0016367	0.272426	10	6.9702e-08	1.4542e-07	0.3437	0.071277
chr21	45662408	45662855	3.4097e-44	0.459532	40	4.6074e-14	3.0295e-48	0.54693	0.087398
chr21	45662855	45662970	6.7097e-16	0.382089	21	4.1633e-14	5.9615e-20	0.4846	0.10251
chr21	45678456	45678530	1	-0.164189	10	0.00031784	0.014247	0.68236	0.84655
chr21	45711139	45711528	1	-0.109895	13	0.012105	0.14192	0.44679	0.55669
chr21	45712838	45712940	1	0.103883	12	0.012835	0.039114	0.63234	0.52846
chr21	45713634	45713778	3.1264e-11	-0.300926	30	4.1078e-14	2.7778e-15	0.2984	0.59933
chr21	45719822	45720096	4.3838e-24	0.573708	14	4.3854e-14	3.895e-28	0.62334	0.049632
chr21	45720097	45720271	1.4078e-13	0.464874	13	4.4742e-14	1.2508e-17	0.54577	0.080898
chr21	45720276	45720396	6.6775e-55	0.565070	34	4.019e-14	5.9329e-59	0.61025	0.045179
chr21	45720397	45720652	0.00027091	0.303885	10	1.3312e-08	2.4071e-08	0.4358	0.13191
chr21	45737775	45737872	8.6824e-05	-0.235466	10	2.4711e-07	7.7142e-09	0.4745	0.70996
chr21	45738411	45738580	1.5965e-09	-0.306073	12	4.4742e-14	1.4185e-13	0.61026	0.91634
chr21	45739652	45739739	0.035068	-0.256298	10	1.8038e-06	3.1158e-06	0.47386	0.73015
chr21	45742633	45742807	2.7365e-14	-0.260509	19	4.3965e-14	2.4313e-18	0.53881	0.79932
chr21	45748111	45748631	1	-0.078307	11	0.34675	0.76328	0.60908	0.68739
chr21	45750346	45750393	1	-0.057860	10	0.15871	0.15992	0.69281	0.75067
chr21	45753806	45753960	2.8125e-11	-0.620813	12	4.13e-14	2.4988e-15	0.042025	0.66284
chr21	45759065	45759333	4.2242e-81	0.539230	62	4.4076e-14	3.7532e-85	0.6089	0.069672
chr21	45768820	45768926	1	-0.158081	13	0.0020351	0.029346	0.32533	0.48341
chr21	45811361	45811412	2.7533e-08	-0.374006	16	4.6074e-14	2.4463e-12	0.22629	0.60029
chr21	45845248	45845435	0.014642	-0.211787	17	4.1913e-06	1.3009e-06	0.31456	0.52635
chr21	45845464	45845567	0.00050646	-0.344995	15	5.016e-13	4.4998e-08	0.28152	0.62651
chr21	45858859	45859003	1	0.151803	13	0.0043082	0.029418	0.72062	0.56881
chr21	45883632	45883902	6.0884e-33	-0.412920	42	3.8858e-14	5.4095e-37	0.19193	0.60485
chr21	45919797	45919948	1	0.076247	12	0.14796	0.41177	0.559	0.48275
chr21	45926624	45926721	3.0378e-12	-0.552999	14	4.0634e-14	2.699e-16	0.17743	0.73043
chr21	45940407	45940460	1	0.123663	10	0.011447	0.0089614	0.4856	0.36194
chr21	46059367	46059596	1	-0.078428	12	0.11134	0.25784	0.39918	0.47761
chr21	46072090	46072195	1	0.122601	17	0.0026194	0.0073472	0.55921	0.43661
chr21	46126496	46126561	1	-0.094615	11	0.015256	0.049708	0.46669	0.56131
chr21	46169949	46170081	1.1737e-19	-0.299661	20	4.6629e-14	1.0428e-23	0.51606	0.81572
chr21	46170081	46170225	0.14113	-0.202108	10	3.1827e-05	1.2539e-05	0.48394	0.68605
chr21	46221399	46221484	1	0.270574	10	9.8687e-05	0.0016145	0.33236	0.06179
chr21	46221504	46221812	1.0685e-10	0.278238	35	4.0412e-14	9.4939e-15	0.30679	0.028548
chr21	46221831	46221847	1	0.304450	10	8.0555e-06	0.00012089	0.36002	0.055571
chr21	46221883	46222342	3.8984e-09	0.287215	34	4.1966e-14	3.4637e-13	0.33735	0.050136
chr21	46237212	46237304	1	0.228108	11	0.00057929	0.00018418	0.2467	0.018592
chr21	46237428	46237500	1	0.184079	10	0.026079	0.070572	0.27579	0.09171
chr21	46237503	46237568	1	0.067477	18	0.12092	0.25445	0.17746	0.10998
chr21	46237572	46237627	1	0.172049	15	2.4975e-09	0.0017551	0.24694	0.074894
chr21	46237633	46237714	1	0.080925	15	0.0017396	0.43678	0.17451	0.093589
chr21	46237836	46237890	1	0.216302	14	0.00022345	0.0037029	0.29351	0.077205
chr21	46237932	46237982	1	0.135952	19	0.018565	0.085015	0.2062	0.070251
chr21	46238071	46238140	1	0.144003	15	0.0068948	0.033944	0.24454	0.10053
chr21	46238141	46238158	1	0.132653	10	0.019229	0.084488	0.22397	0.091319
chr21	46238202	46238292	1	0.078291	14	0.018026	0.10172	0.15341	0.07512
chr21	46238545	46238681	1	0.138825	25	0.00017115	0.0021041	0.20443	0.065609
chr21	46238777	46238849	1	0.095228	12	0.048972	0.25766	0.19021	0.094985
chr21	46280750	46280877	1	-0.139259	14	0.017531	0.029301	0.66335	0.80261
chr21	46284719	46284871	1	-0.050523	10	0.48419	0.76971	0.6801	0.73063
chr21	46292943	46292981	0.0076809	0.352139	10	2.7643e-08	6.8245e-07	0.40285	0.050715
chr21	46292998	46293027	1	0.272088	10	4.9692e-06	9.0778e-05	0.31657	0.044481
chr21	46293041	46293099	1	0.178726	10	0.00088771	0.0071964	0.25073	0.072
chr21	46293449	46293706	4.53e-12	0.273230	43	4.2633e-14	4.0249e-16	0.33961	0.066384
chr21	46293710	46294130	8.5098e-28	0.382583	41	4.8517e-14	7.5609e-32	0.41943	0.036842
chr21	46294177	46294480	8.271e-14	0.344568	26	4.1966e-14	7.3488e-18	0.36907	0.024501
chr21	46294482	46294518	0.023585	0.303047	10	1.681e-07	2.0955e-06	0.35019	0.047138
chr21	46308744	46308787	1	0.120755	10	0.014548	0.026908	0.84082	0.72006
chr21	46308835	46309220	1	0.159998	12	0.086953	0.095201	0.76873	0.60873
chr21	46309381	46309753	1	-0.142459	10	0.024087	0.10023	0.66997	0.81242
chr21	46317238	46317401	1	-0.138148	10	0.048553	0.099837	0.69575	0.83389
chr21	46317427	46317487	1	-0.087361	10	0.042305	0.22047	0.68153	0.76889
chr21	46326718	46326837	1	-0.111713	10	0.011336	0.014474	0.63905	0.75076
chr21	46326905	46327053	0.53695	-0.234693	10	7.7535e-07	4.7707e-05	0.66947	0.90416
chr21	46331620	46331776	1	0.112159	12	0.06516	0.32721	0.37255	0.26039
chr21	46352055	46352136	1	0.126244	10	0.0084251	0.048584	0.17891	0.052664
chr21	46353007	46353178	8.9107e-09	-0.412346	14	4.3188e-14	7.9171e-13	0.18784	0.60019
chr21	46353574	46353868	2.2952e-08	-0.277310	23	3.3895e-13	2.0393e-12	0.23841	0.51572
chr21	46359699	46359752	1	0.050350	10	0.03436	0.16241	0.085047	0.034697
chr21	46369712	46369806	1	-0.070701	10	0.13233	0.38051	0.79666	0.86736
chr21	46376495	46376607	1.8739e-05	-0.078708	12	1.0019e-09	1.6649e-09	0.87837	0.95708
chr21	46376751	46377160	3.9738e-06	-0.061549	12	1.6633e-10	3.5307e-10	0.90831	0.96986
chr21	46392221	46392292	1.0479e-08	-0.283893	12	2.2582e-13	9.3104e-13	0.55504	0.83893
chr21	46396054	46396136	1	0.101940	12	0.13127	0.36916	0.7582	0.65626
chr21	46400614	46400778	1	0.132560	10	0.057773	0.16393	0.57999	0.44743
chr21	46411903	46411997	1	0.065364	12	0.30003	0.55993	0.57808	0.51271
chr21	46418750	46418818	1	-0.113331	10	0.015834	0.19048	0.51045	0.62378
chr21	46420708	46420796	1	-0.111257	10	0.0039308	0.040059	0.55417	0.66542
chr21	46421232	46421495	2.7952e-20	-0.480777	32	3.8636e-14	2.4835e-24	0.1784	0.65918
chr21	46422353	46422836	1	0.093309	12	0.027991	0.14991	0.78403	0.69072
chr21	46450114	46450255	1	-0.053714	10	0.24593	0.48267	0.56177	0.61548
chr21	46475104	46475224	1	-0.108017	10	0.011785	0.084191	0.5066	0.61462
chr21	46492208	46492391	8.0923e-14	-0.527506	13	4.5519e-14	7.1899e-18	0.39677	0.92428
chr21	46492400	46492636	3.0159e-15	-0.392394	19	4.1522e-14	2.6796e-19	0.37511	0.76751
chr21	46493980	46494036	1	-0.157726	12	0.0013255	0.0072777	0.21373	0.37146
chr21	46494067	46494406	3.6595e-10	0.240835	40	4.5297e-14	3.2514e-14	0.30205	0.061213
chr21	46494413	46494443	0.0055822	0.265539	16	7.6954e-07	4.9597e-07	0.31151	0.045975
chr21	46494445	46494501	1	0.150301	10	0.065356	0.09991	0.18896	0.038661
chr21	46494507	46494542	4.5459e-05	0.283211	20	5.8976e-10	4.039e-09	0.33871	0.055503
chr21	46494543	46494603	0.011887	0.217548	22	1.661e-07	1.0562e-06	0.27553	0.057982
chr21	46494603	46494643	3.4893e-07	0.355131	15	1.0115e-12	3.1002e-11	0.37588	0.020749
chr21	46494657	46494702	0.0033233	0.262258	20	8.0776e-08	2.9527e-07	0.30224	0.03998
chr21	46494727	46494940	0.0075497	0.280740	16	3.5525e-07	6.7079e-07	0.3372	0.056461
chr21	46494940	46494968	1	0.165234	10	0.020495	0.026446	0.23297	0.06774
chr21	46494968	46495097	5.8923e-09	0.266853	37	5.4179e-14	5.2352e-13	0.29212	0.025264
chr21	46495104	46495341	1	0.139698	13	0.038981	0.057669	0.2115	0.071799
chr21	46495348	46495430	2.9875e-08	0.271740	27	5.5578e-13	2.6544e-12	0.31601	0.044273
chr21	46520872	46520953	7.2203e-13	-0.304066	16	4.4187e-14	6.4152e-17	0.55061	0.85467
chr21	46520956	46521125	4.3166e-07	-0.159559	13	1.9411e-08	3.8353e-11	0.61342	0.77298
chr21	46521139	46521153	3.7476e-06	-0.218738	10	2.3921e-10	3.3297e-10	0.64356	0.8623
chr21	46553660	46554073	1.525e-42	-0.312460	36	4.7296e-14	1.355e-46	0.57059	0.88305
chr21	46554073	46554394	1.375e-47	-0.306794	45	3.1974e-14	1.2217e-51	0.57757	0.88436
chr21	46630543	46630788	1	-0.120736	11	0.089437	0.13514	0.69736	0.8181
chr21	46677290	46677415	1	0.064360	12	0.18101	0.50916	0.44194	0.37758
chr21	46677599	46677855	1	-0.104356	12	0.076488	0.41067	0.36624	0.4706
chr21	46678435	46678534	1	-0.190411	13	0.00012264	0.00052893	0.31432	0.50473
chr21	46685322	46685367	5.6683e-17	-0.318699	12	4.3077e-14	5.0363e-21	0.6066	0.9253
chr21	46687003	46687104	4.2739e-18	-0.315650	14	4.563e-14	3.7973e-22	0.61646	0.93211
chr21	46703725	46703803	1	0.108831	10	0.026079	0.16394	0.80175	0.69291
chr21	46706781	46706855	1.1971e-12	0.484355	16	4.341e-14	1.0636e-16	0.73038	0.24603
chr21	46706858	46707111	1	0.213161	10	0.00094359	0.025703	0.43081	0.21765
chr21	46707878	46708028	0.085346	0.171915	33	2.3136e-07	7.5829e-06	0.20083	0.02891
chr21	46708042	46708085	1	0.168022	10	0.00066802	0.0071715	0.20292	0.034896
chr21	46708087	46708167	1	0.126969	13	0.0034837	0.029413	0.16838	0.041413
chr21	46708200	46708339	1	0.164155	14	0.0011554	0.014545	0.20372	0.039563
chr21	46708546	46708591	1	0.164989	10	8.7477e-08	0.11876	0.20978	0.04479
chr21	46708628	46708646	1	0.210803	10	0.0058875	0.0034518	0.22363	0.012826
chr21	46708674	46708731	1	0.100528	13	0.58187	0.51681	0.15744	0.056914
chr21	46713872	46714090	1	-0.191035	10	0.0014357	0.011332	0.17834	0.36937
chr21	46720143	46720184	1	-0.075575	10	0.65977	0.59453	0.66566	0.74123
chr21	46749603	46749730	1	0.094038	12	0.037004	0.1117	0.61446	0.52042
chr21	46777448	46777471	1	-0.090741	10	0.029717	0.29313	0.56167	0.65242
chr21	46806482	46806801	1	-0.068594	10	0.57338	0.81721	0.5712	0.6398
chr21	46824127	46824272	1	0.192670	10	0.010279	0.02683	0.29495	0.10228
chr21	46824626	46824864	4.9086e-61	0.521154	49	3.364e-14	4.3613e-65	0.56848	0.047326
chr21	46824864	46825006	5.3221e-50	0.537974	35	3.8303e-14	4.7287e-54	0.57855	0.040578
chr21	46825016	46825155	5.1007e-54	0.569661	36	4.885e-14	4.532e-58	0.61626	0.046601
chr21	46825173	46825754	7.3061e-135	0.551835	90	4.8739e-14	6.4914e-139	0.59315	0.041311
chr21	46825756	46826201	4.5499e-86	0.534086	60	3.0864e-14	4.0425e-90	0.57384	0.039751
chr21	46837880	46837967	1	0.112678	11	0.028343	0.083401	0.74148	0.62881
chr21	46838321	46838494	1	-0.150960	11	0.046448	0.11522	0.51326	0.66422
chr21	46844874	46844944	1	0.120428	10	0.058225	0.16174	0.69972	0.57929
chr21	46859298	46859985	1.002e-69	0.574162	72	5.0626e-14	8.9031e-74	0.66535	0.091193
chr21	46864505	46864565	1	-0.081858	10	0.37677	0.48215	0.50384	0.5857
chr21	46874766	46875260	0.011195	-0.286240	13	3.9058e-08	9.9463e-07	0.23192	0.51816
chr21	46876385	46876725	4.3375e-30	-0.399660	55	4.0745e-14	3.8538e-34	0.28681	0.68647
chr21	46888792	46889125	1.1465e-08	-0.167182	13	1.9533e-12	1.0187e-12	0.71302	0.8802
chr21	46893214	46893295	1	0.183320	10	0.0017115	0.026931	0.79107	0.60775
chr21	46894962	46895010	1	-0.221565	10	1.1587e-05	0.00035499	0.54601	0.76758
chr21	46896096	46896176	1	-0.144469	12	0.00067383	0.005866	0.68101	0.82548
chr21	46912545	46913348	2.7898e-15	-0.221549	33	4.2522e-14	2.4788e-19	0.54039	0.76194
chr21	46913521	46913681	4.6151e-05	-0.152812	15	4.6257e-08	4.1005e-09	0.60758	0.76039
chr21	46914828	46915130	3.5239e-12	-0.297360	18	4.5075e-14	3.131e-16	0.52793	0.82529
chr21	46915130	46915282	1	-0.145148	13	8.8873e-05	0.00067796	0.55122	0.69637
chr21	46936673	46936933	1	-0.088458	10	0.18775	0.48286	0.68892	0.77738
chr21	46951149	46951981	3.4422e-131	-0.307239	110	4.5186e-14	3.0584e-135	0.59228	0.89952
chr21	46951981	46952110	4.9378e-17	-0.216224	26	4.6074e-14	4.3872e-21	0.61452	0.83074
chr21	46952110	46952263	8.1207e-19	-0.333173	16	4.3632e-14	7.2152e-23	0.56302	0.8962
chr21	46957410	46957899	7.9455e-46	-0.253528	57	4.2744e-14	7.0596e-50	0.57136	0.82489
chr21	46961768	46962196	7.74e-17	0.295641	41	4.0301e-14	6.877e-21	0.39843	0.10279
chr21	46962196	46962375	4.3057e-14	0.267355	44	4.0856e-14	3.8256e-18	0.3688	0.10144
chr21	46962377	46962417	0.044455	0.170731	19	1.5792e-06	3.9498e-06	0.31107	0.14034
chr21	46962417	46962446	9.5036e-06	0.399138	10	1.0491e-09	8.4439e-10	0.50114	0.102
chr21	46962546	46962606	1.1436e-06	0.356985	15	1.0769e-12	1.0161e-10	0.45936	0.10238
chr21	46962650	46962920	2.4275e-27	0.310699	49	4.2522e-14	2.1569e-31	0.40184	0.091144
chr21	46962933	46962969	0.11442	0.266962	12	1.017e-06	1.0166e-05	0.36602	0.099062
chr21	46975533	46975837	9.3657e-31	0.483727	48	5.0071e-14	8.3213e-35	0.69841	0.21468
chr21	46976139	46976207	9.303e-06	0.484652	10	9.2497e-12	8.2657e-10	0.63588	0.15122
chr21	46989813	46989955	1	0.109725	10	0.031023	0.1183	0.67751	0.56778
chr21	46996529	46996760	1	-0.080512	10	0.016437	0.058718	0.55727	0.63779
chr21	47009807	47009875	1	-0.141847	10	0.037059	0.058139	0.44625	0.5881
chr21	47010061	47010237	2.1937e-07	0.282265	22	3.0619e-12	1.9491e-11	0.48512	0.20285
chr21	47010239	47010295	1.1962e-10	0.407742	13	4.674e-14	1.0628e-14	0.53804	0.1303
chr21	47010366	47010415	0.018031	0.243411	16	1.0805e-07	1.602e-06	0.41185	0.16844
chr21	47010760	47011083	1.5302e-14	0.246065	65	4.5186e-14	1.3595e-18	0.43525	0.18918
chr21	47062042	47062137	1.191e-35	0.504159	27	4.9072e-14	1.0582e-39	0.58552	0.081361
chr21	47062137	47062367	8.509e-29	0.401553	27	4.0745e-14	7.5602e-33	0.4949	0.093345
chr21	47062369	47062537	1.1336e-34	0.503900	27	4.8295e-14	1.0072e-38	0.58954	0.085641
chr21	47062537	47062754	2.3437e-33	0.410821	40	3.9635e-14	2.0824e-37	0.5358	0.12498
chr21	47063148	47064059	1.0917e-119	0.479864	105	3.8636e-14	9.7e-124	0.59653	0.11667
chr21	47204893	47205065	1	-0.140571	10	0.00482	0.026851	0.64056	0.78113
chr21	47205104	47205225	1	0.100841	10	0.17117	0.28779	0.65233	0.55149
chr21	47240731	47240918	1	0.103590	12	0.020228	0.22645	0.7967	0.69311
chr21	47287653	47287756	0.0016552	-0.416503	10	5.8923e-12	1.4706e-07	0.33998	0.75648
chr21	47291634	47291852	1	-0.157909	13	0.0051938	0.048966	0.61041	0.76832
chr21	47307753	47307827	1	0.091251	10	0.54809	0.29401	0.77505	0.6838
chr21	47334174	47334420	1.7536e-16	-0.477099	25	4.2522e-14	1.558e-20	0.10207	0.57917
chr21	47343817	47344215	1.922e-34	-0.261806	36	4.0634e-14	1.7077e-38	0.6029	0.8647
chr21	47344752	47344924	3.2443e-09	-0.329745	10	1.4031e-12	2.8825e-13	0.52088	0.85062
chr21	47360144	47360358	1	0.088242	11	0.051901	0.13417	0.60749	0.51925
chr21	47392531	47393077	1.5086e-25	0.444708	30	4.885e-14	1.3404e-29	0.5435	0.098793
chr21	47393096	47393171	0.53842	0.268540	10	6.976e-06	4.7838e-05	0.40867	0.14013
chr21	47393171	47393266	2.5744e-22	0.411877	26	4.341e-14	2.2874e-26	0.49021	0.07833
chr21	47393696	47394215	1.7265e-67	0.398013	85	5.0182e-14	1.534e-71	0.49342	0.095402
chr21	47394218	47394426	5.7478e-18	0.354447	30	4.2299e-14	5.1069e-22	0.46406	0.10961
chr21	47399248	47399363	1.8491e-08	-0.519623	12	4.0856e-14	1.6429e-12	0.13042	0.65005
chr21	47402011	47402142	1	-0.127384	11	0.029872	0.20879	0.16736	0.29475
chr21	47409042	47409125	0.70662	-0.336965	10	1.0424e-06	6.2782e-05	0.25271	0.58967
chr21	47410482	47410848	1	-0.111901	10	0.10873	0.13676	0.58571	0.69761
chr21	47413184	47413481	0.57602	0.114041	13	0.00021934	5.1179e-05	0.71699	0.60294
chr21	47419160	47419257	1	0.125843	12	0.041195	0.25784	0.73714	0.6113
chr21	47421864	47422308	6.9758e-37	-0.214229	59	4.0967e-14	6.1979e-41	0.60132	0.81555
chr21	47422642	47423246	2.1872e-31	-0.211747	53	3.9413e-14	1.9433e-35	0.56152	0.77326
chr21	47423636	47423793	1.0223e-13	-0.216681	28	4.1633e-14	9.0835e-18	0.57402	0.7907
chr21	47425721	47425803	1	-0.109142	10	0.34104	0.16383	0.72184	0.83098
chr21	47453608	47453713	3.2988e-07	-0.210262	22	6.1062e-14	2.931e-11	0.59566	0.80592
chr21	47457269	47457602	1.0795e-14	-0.192567	33	4.1966e-14	9.5913e-19	0.60897	0.80153
chr21	47458656	47458997	1	0.141125	10	0.26154	0.084401	0.74931	0.60818
chr21	47487472	47487814	1	-0.061075	12	0.35244	0.60632	0.52416	0.58524
chr21	47488028	47488083	1	-0.058569	10	0.24732	0.37135	0.54316	0.60172
chr21	47500674	47501049	1	0.139418	10	0.00877	0.025169	0.64711	0.50769
chr21	47504281	47504429	1	-0.072583	17	0.040033	0.065165	0.6539	0.72648
chr21	47517783	47518146	2.3525e-12	0.224013	37	4.0745e-14	2.0902e-16	0.31195	0.087942
chr21	47518146	47518738	3.6247e-54	0.299935	116	4.6074e-14	3.2205e-58	0.39189	0.091959
chr21	47519087	47519228	1	-0.128583	14	0.0030461	0.020703	0.25066	0.37924
chr21	47532166	47532249	5.8524e-13	-0.245820	15	4.5519e-14	5.1999e-17	0.59651	0.84233
chr21	47532249	47532322	4.1677e-18	-0.336984	19	4.2299e-14	3.703e-22	0.51758	0.85456
chr21	47532333	47532609	0.010632	-0.177418	10	7.5379e-05	9.4466e-07	0.51026	0.68768
chr21	47532655	47532774	3.2238e-19	-0.324168	15	4.4298e-14	2.8644e-23	0.5773	0.90147
chr21	47545264	47545348	3.2254e-09	-0.568946	10	9.2593e-14	2.8657e-13	0.013542	0.58249
chr21	47549167	47549244	0.00011616	-0.155264	13	6.804e-06	1.032e-08	0.56611	0.72138
chr21	47549264	47549412	1.9087e-15	-0.258886	17	4.3188e-14	1.6959e-19	0.55424	0.81313
chr21	47551963	47552282	1.383e-73	-0.290510	78	3.6637e-14	1.2288e-77	0.5865	0.87701
chr21	47552285	47552528	3.1664e-39	-0.354314	43	3.9191e-14	2.8133e-43	0.54841	0.90273
chr21	47552533	47552623	1.334e-13	-0.249501	17	4.6074e-14	1.1853e-17	0.56227	0.81177
chr21	47565568	47565724	4.9975e-21	-0.603540	20	4.0967e-14	4.4402e-25	0.09215	0.69569
chr21	47565724	47565924	1.3927e-46	-0.640207	41	4.7407e-14	1.2374e-50	0.087609	0.72782
chr21	47565928	47566191	2.0153e-38	-0.537687	42	4.563e-14	1.7906e-42	0.097807	0.63549
chr21	47574012	47574140	1	0.119848	10	0.40119	0.19091	0.79262	0.67277
chr21	47581025	47581277	1	-0.153425	28	3.0921e-05	0.0010457	0.65669	0.81011
chr21	47581365	47581413	1	-0.167812	10	0.0979	0.22131	0.71116	0.87897
chr21	47581809	47581846	1	-0.119073	10	0.023038	0.08376	0.6747	0.79378
chr21	47581878	47581914	1	-0.175681	12	0.00010094	0.0089516	0.63523	0.81092
chr21	47581945	47581967	1	-0.154592	12	0.0025648	0.013429	0.6466	0.80119
chr21	47601028	47601099	0.00020797	-0.243305	12	3.2368e-07	1.8478e-08	0.49059	0.73389
chr21	47602491	47602543	2.1591e-11	-0.334938	10	4.0523e-14	1.9183e-15	0.58428	0.91922
chr21	47628368	47628458	1	0.103055	12	0.086953	0.19822	0.77009	0.66703
chr21	47648285	47649164	7.8871e-59	0.363131	88	3.153e-14	7.0076e-63	0.41079	0.047656
chr21	47649164	47649442	2.9104e-31	0.321738	62	4.019e-14	2.5859e-35	0.37854	0.056805
chr21	47698618	47698690	1	0.100884	10	0.24732	0.37947	0.89962	0.79874
chr21	47704035	47704253	0.00031889	-0.325909	19	4.6818e-13	2.8334e-08	0.15443	0.48034
chr21	47705855	47706007	1.0789e-17	0.469196	21	4.3743e-14	9.5863e-22	0.52767	0.058477
chr21	47706007	47706280	1.708e-46	0.560369	31	3.3751e-14	1.5176e-50	0.62527	0.064903
chr21	47706283	47706397	1.8017e-42	0.524757	29	4.9516e-14	1.6008e-46	0.57549	0.050738
chr21	47743020	47743073	9.1761e-18	0.513376	12	4.1189e-14	8.1529e-22	0.58205	0.068676
chr21	47744739	47744771	1	0.106456	10	0.0034112	0.017682	0.15072	0.04426
chr21	47744790	47744834	1	0.099779	10	0.018708	0.11825	0.12758	0.0278
chr21	47808736	47809062	3.2355e-29	-0.251379	32	3.9968e-14	2.8748e-33	0.60326	0.85464
chr21	47831550	47831926	7.2171e-65	-0.185390	47	4.6518e-14	6.4124e-69	0.7578	0.94319
chr21	47833119	47833240	0.0019886	-0.230018	14	4.1878e-09	1.7668e-07	0.58738	0.8174
chr21	47849133	47849373	4.6025e-17	-0.113476	26	4.7407e-14	4.0893e-21	0.66952	0.783
chr21	47853016	47853229	3.6376e-13	-0.448820	15	4.4742e-14	3.232e-17	0.41987	0.86869
chr21	47855982	47856085	1.8382e-08	-0.160942	12	1.7022e-11	1.6332e-12	0.72325	0.8842
chr21	47878483	47878554	0.0053454	0.355684	10	8.7477e-08	4.7494e-07	0.41156	0.055874
chr21	47878563	47878747	2.0143e-16	0.372385	31	4.3521e-14	1.7897e-20	0.40778	0.035398
chr21	47878747	47878836	2.5707e-10	0.278949	35	4.3299e-14	2.284e-14	0.34877	0.06982
chr21	47878836	47878867	1.1806e-12	0.481436	14	3.9857e-14	1.0489e-16	0.5264	0.044967
chr21	47878880	47879406	1.865e-35	0.325526	72	4.1855e-14	1.6571e-39	0.38317	0.05764
chr21	47879498	47879543	1	0.239031	10	0.00056739	0.0009458	0.27902	0.039989
chr21	47918538	47918695	5.0926e-13	-0.202238	22	8.844e-13	4.5247e-17	0.50249	0.70472
chr21	48017703	48017880	1	-0.080220	13	0.13909	0.46972	0.85198	0.9322
chr21	48018585	48018928	6.2985e-15	-0.270462	19	4.6296e-14	5.5962e-19	0.63412	0.90458
chr21	48055453	48055528	2.6379e-14	0.562591	10	4.0079e-14	2.3438e-18	0.57884	0.016245
chr21	48081656	48081836	2.1574e-38	-0.520677	30	4.4631e-14	1.9168e-42	0.07971	0.60039
chr21	48087215	48087628	2.6068e-91	0.530883	64	3.6526e-14	2.3161e-95	0.58388	0.052993
chr21	48087979	48088074	1.4333e-14	0.621693	10	4.3632e-14	1.2735e-18	0.6951	0.073412
chr21	9701564	9701695	1	-0.178371	10	0.00021047	0.0090313	0.51838	0.69675
chr21	15135094	15135310	2.1691e-14	-0.378867	12	4.6185e-14	1.9273e-18	0.56565	0.94451
chr21	15436339	15436420	2.0476e-05	-0.191972	12	6.2329e-10	1.8192e-09	0.64396	0.83593
chr21	17102452	17102558	1.4344e-11	0.304849	23	4.2855e-14	1.2744e-15	0.33512	0.030274
chr21	18984724	18984855	3.1011e-44	0.454781	40	5.0848e-14	2.7553e-48	0.50228	0.047503
chr21	19191333	19191377	7.1172e-14	0.495564	10	4.4964e-14	6.3236e-18	0.52732	0.031753
chr21	26979974	26980126	5.4701e-22	0.550314	15	4.4298e-14	4.8601e-26	0.6088	0.058486
chr21	27543138	27543186	1	0.135413	15	0.00021054	0.0021695	0.15592	0.020512
chr21	33032590	33032648	1	0.131779	12	0.0039375	0.029139	0.16513	0.033354
chr21	33245732	33245900	4.6226e-08	0.315911	21	4.4631e-14	4.1072e-12	0.36303	0.04712
chr21	33246374	33246553	1.1888e-25	0.375311	33	3.8192e-14	1.0563e-29	0.40019	0.024879
chr21	34729944	34730131	1	-0.067567	10	0.075408	0.22146	0.84722	0.91479
chr21	34775843	34775918	1.298e-08	0.394889	13	8.5487e-14	1.1533e-12	0.43322	0.038332
chr21	34852284	34852347	5.7325e-11	0.331254	20	4.019e-14	5.0933e-15	0.3703	0.03905
chr21	37442214	37442420	1.7536e-11	0.363851	20	3.9524e-14	1.5581e-15	0.43779	0.073939
chr21	38338716	38338799	1.3294e-08	0.371062	15	3.9716e-12	1.1811e-12	0.39729	0.026231
chr21	38362318	38362437	1	0.215765	10	0.00032203	0.0016154	0.29363	0.077865
chr21	38362440	38362488	2.0523e-12	0.411980	16	4.5963e-14	1.8235e-16	0.4338	0.021825
chr21	38936270	38936348	1.158e-10	0.494464	10	4.3743e-14	1.0289e-14	0.52563	0.031164
chr21	40555096	40555154	3.1617e-13	0.504735	10	4.3521e-14	2.8091e-17	0.55417	0.049435
chr21	40685334	40685377	1.0755e-20	0.594700	14	4.0523e-14	9.5555e-25	0.64884	0.05414
chr21	40720647	40720704	7.6588e-07	0.279144	23	1.8174e-13	6.8048e-11	0.32521	0.046067
chr21	41654236	41654342	1	-0.103006	10	0.23098	0.53295	0.63452	0.73753
chr21	42879184	42879244	1	0.112788	10	0.033498	0.084473	0.14612	0.033335
chr21	43429537	43429620	1.5684e-05	0.279469	18	3.3377e-11	1.3935e-09	0.32716	0.047692
chr21	43933999	43934051	1	0.141243	10	0.015834	0.058474	0.17558	0.034341
chr21	44065933	44066080	1	0.125940	10	0.16176	0.22096	0.73807	0.61213
chr21	44106398	44106478	2.7983e-13	-0.280570	20	4.0079e-14	2.4862e-17	0.50951	0.79008
chr21	44345148	44345347	1	0.124479	10	0.37861	0.099817	0.89615	0.77167
chr21	44496653	44496721	4.1421e-15	0.554580	11	4.0856e-14	3.6803e-19	0.62117	0.066586
chr21	44527303	44527355	1	0.123642	13	0.0010263	0.0096143	0.14328	0.019641
chr21	44527355	44527387	0.0086094	0.299317	12	4.563e-08	7.6494e-07	0.3303	0.030981
chr21	44527491	44527754	1	0.164877	18	1.4155e-05	0.00022673	0.22942	0.064542
chr21	44574235	44574333	3.5728e-05	-0.399959	13	5.4807e-10	3.1744e-09	0.29904	0.699
chr21	44846264	44846337	1	-0.093460	10	0.48419	0.38098	0.10709	0.20055
chr21	45077731	45078066	2.1941e-12	0.237082	46	4.5408e-14	1.9495e-16	0.62155	0.38447
chr21	45107874	45107988	1	-0.088811	10	0.16176	0.25605	0.34141	0.43022
chr21	45138350	45138557	9.9222e-10	0.510492	10	4.2633e-14	8.8158e-14	0.56739	0.056896
chr21	45527050	45527164	5.1312e-22	0.495809	16	4.3965e-14	4.559e-26	0.52263	0.026816
chr21	45750782	45750851	1	0.064600	11	0.39578	0.27474	0.83136	0.76676
chr21	45927993	45928062	1	-0.113998	10	0.077678	0.084427	0.41312	0.52712
chr21	46554248	46554389	1.4169e-13	-0.300244	13	4.2077e-14	1.2589e-17	0.61644	0.91668
chr21	46859627	46859782	5.8335e-13	0.708000	10	4.2744e-14	5.183e-17	0.81512	0.10712
chr21	46961701	46961904	3.1704e-12	0.301773	26	4.2522e-14	2.8168e-16	0.37744	0.07567
chr21	47062157	47062216	1.5984e-23	0.448470	20	4.452e-14	1.4202e-27	0.55753	0.10906
chr21	47063308	47063450	2.3523e-34	0.475871	28	4.4076e-14	2.09e-38	0.5589	0.083033
chr21	47063770	47063871	2.6381e-12	0.457177	15	4.2522e-14	2.3439e-16	0.59596	0.13878
chr21	47422741	47422912	8.0203e-08	-0.168689	13	9.1053e-11	7.126e-12	0.63384	0.80253
chr21	47518795	47518868	1	0.178740	12	0.00026289	0.0023807	0.31138	0.13264
chr21	47518868	47518898	0.38686	0.264217	10	1.9302e-06	3.4372e-05	0.35021	0.085989
chr21	47648252	47648366	1.0322e-06	0.384765	11	2.6443e-12	9.1712e-11	0.43102	0.046258
chr21	47705662	47705851	4.1861e-61	0.565298	37	4.0301e-14	3.7194e-65	0.61644	0.05114
chr21	47743946	47743966	1	0.057208	11	0.062312	0.24132	0.099813	0.042605
chr21	48018198	48018266	1	0.070236	12	0.80912	0.45931	0.94552	0.87528
