chr	start	end	q-value	methyl.diff	CpGs	p	p2	m1	m2	e_value	e_adjust
chr21	9437432	9437540	1.6035e-25	-0.588524	26	4.6851e-14	1.4115e-29	0.10235	0.69088	1.00359593603989e+46	1.40009280643314e+45
chr21	9708982	9709189	1.1328e-37	-0.499369	28	4.4187e-14	9.9721e-42	0.079013	0.57838	2.57076453949927e+45	3.64668826822288e+44
chr21	9825572	9825602	1	0.239539	10	3.6392e-05	0.0090907	0.61616	0.37662	18958.1171790077	11179.2883247842
chr21	9825786	9825804	1	0.226881	10	0.00011675	0.00052563	0.61445	0.38757	57656.5871195059	32985.2456205379
chr21	9825834	9825875	0.20929	0.238939	15	1.3331e-06	1.8423e-05	0.61518	0.37624	3218129.70446423	1637360.24822682
chr21	9826156	9826188	0.032999	0.282562	12	7.5368e-06	2.9049e-06	0.60957	0.32701	446344.975960358	239132.068011587
chr21	9826201	9826213	0.033147	0.281002	10	1.7353e-05	2.9178e-06	0.58647	0.30546	46422.7555265265	26667.2335380984
chr21	9826216	9826248	1	0.231537	10	0.00041769	0.00050891	0.5289	0.29736	2218.54426381714	1412.27378107
chr21	9826436	9826690	1	-0.069574	12	0.089865	0.32791	0.2516	0.32117	2.87046212030116	2.60125113598218
chr21	9827406	9827503	1	-0.161018	12	0.023042	0.024229	0.22616	0.38718	15.4513574419102	12.1908130813664
chr21	9926563	9927097	1.1343e-54	-0.542938	60	3.5638e-14	9.9855e-59	0.10558	0.64852	1.51159206029412e+100	6.73393883835598e+98
chr21	10597210	10597278	1	0.138884	10	0.046265	0.16301	0.80553	0.66664	9.51870762169295	7.69977521567191
chr21	10600482	10600679	1	-0.125651	12	0.36743	0.11147	0.63689	0.76254	7.12568655620757	5.956171763864
chr21	10772506	10772561	1	-0.131425	10	0.069971	0.13998	0.6311	0.76252	69.1623714279273	49.783934415882
chr21	10884805	10885064	5.816e-27	-0.298598	63	4.4631e-14	5.1198e-31	0.30942	0.60802	2.46928385491225e+36	4.31328598337545e+35
chr21	10989962	10990789	3.0778e-67	-0.492689	100	4.5852e-14	2.7094e-71	0.19956	0.69225	1.50702086562283e+138	3.61931103210429e+136
chr21	10990791	10991202	4.0266e-51	-0.505518	71	2.8311e-14	3.5445e-55	0.16133	0.66685	3.04538432104717e+112	1.00993774036485e+111
chr21	11000097	11000261	1	0.134311	10	0.0017115	0.011417	0.69361	0.5593	2.8567930821855	2.59891140888153
chr21	11106788	11106970	8.5558e-09	-0.446379	18	4.1744e-14	7.5315e-13	0.20406	0.65044	1.02471145500689e+26	2.31851478096517e+25
chr21	14751409	14751545	1	-0.081324	10	0.14887	0.29396	0.40593	0.48725	1.07636720403868	1.06627231818603
chr21	14751657	14751996	1	0.056357	10	0.38232	0.65456	0.65723	0.60088	0.708215720923862	1
chr21	14975944	14976116	1	-0.068101	10	0.3898	0.42972	0.56304	0.63114	1.20297420966934	1.18746106042389
chr21	15038223	15038419	1.9098e-20	-0.199964	32	4.2299e-14	1.6812e-24	0.62182	0.82179	3495855623535.27	1290966613615.02
chr21	15068957	15069242	0.0081162	-0.193195	30	1.8983e-08	7.1446e-07	0.21543	0.40863	11434734.8061987	5603422.21452642
chr21	15069255	15069378	0.02459	-0.298126	10	1.5325e-07	2.1646e-06	0.15822	0.45635	399522.423966196	214514.970898614
chr21	15095792	15095926	2.6546e-06	-0.238841	23	1.6873e-11	2.3368e-10	0.14661	0.38545	528116729417505	175957360480564
chr21	15134627	15134774	7.4068e-18	-0.348304	21	4.0856e-14	6.52e-22	0.52883	0.87713	516276483613241600	150101486443240256
chr21	15134797	15135279	1.1731e-15	-0.283801	19	4.1744e-14	1.0327e-19	0.56505	0.84885	52298512346859056	15879618637557438
chr21	15135775	15135976	2.4671e-09	-0.330742	15	4.4409e-14	2.1718e-13	0.428	0.75874	8.30400445518518e+21	2.08330240727975e+21
chr21	15198493	15198641	1	-0.11219	10	0.078833	0.29272	0.74883	0.86102	22.3664587004838	17.0698295592203
chr21	15199754	15199883	1	0.1119	10	0.12212	0.43026	0.81809	0.70619	2.17182721312399	2.04961419292475
chr21	15352138	15352507	0.0021143	0.287791	12	4.4404e-06	1.8611e-07	0.54408	0.25629	17707638.0722063	8615087.69046379
chr21	15386971	15387102	1	-0.091101	11	0.13745	0.31357	0.18016	0.27127	3.64918956364625	3.26416370112789
chr21	15436219	15436262	4.2511e-08	-0.221971	10	2.294e-09	3.7421e-12	0.56775	0.78972	13381.3918464412	8063.34749011813
chr21	15436263	15436315	2.0624e-09	-0.369477	13	4.3743e-14	1.8155e-13	0.55473	0.92421	8720687893615.52	3189747506222.79
chr21	15436343	15436365	0.071359	-0.27644	10	1.423e-07	6.2816e-06	0.63873	0.91517	52109944.9491262	24497172.2445482
chr21	15436403	15436868	1.1872e-73	-0.316301	65	3.0864e-14	1.0451e-77	0.59554	0.91184	5.09982627382119e+62	4.84274241711039e+61
chr21	15443408	15443505	1	-0.061321	10	0.0097845	0.040239	0.86918	0.9305	1.46019493980618	1.42424641256593
chr21	15443801	15444193	1	-0.108263	10	0.42257	0.65445	0.79139	0.89965	2.54278582008047	2.36094533353309
chr21	15445757	15445869	1	-0.11345	10	0.012369	0.021648	0.71103	0.82448	5.44420480197517	4.67831432573012
chr21	15456324	15456547	2.3926e-20	-0.184672	21	4.4076e-14	2.1061e-24	0.67169	0.85637	176201.389073889	97706.0457584405
chr21	15546967	15547170	1	0.111266	14	0.0076732	0.020704	0.74446	0.6332	24.5027800210051	18.5278934508187
chr21	15755405	15755674	3.4737e-56	0.536594	36	3.4306e-14	3.0579e-60	0.58891	0.052319	6.73436932329988e+73	4.85519298770332e+72
chr21	15869828	15869868	1	0.06359	10	0.67218	0.97048	0.94312	0.87953	171.708353334767	118.967921243666
chr21	16436766	16436826	1	0.077814	17	0.24509	0.24884	0.093024	0.01521	16969.816095411	10086.3971399453
chr21	16437151	16437184	1	0.071385	10	0.02263	0.11872	0.093598	0.022213	9531.31258156973	5765.71781018755
chr21	16437694	16437759	1	0.071645	10	0.14791	0.71235	0.10959	0.037946	22.0984367955096	16.8984757707126
chr21	17101887	17102127	1.7768e-07	0.198733	42	3.0087e-13	1.5641e-11	0.25768	0.058951	212311050604178304	62971507389047024
chr21	17102127	17102167	0.13395	0.303397	11	8.2354e-06	1.1791e-05	0.34702	0.043628	2905118307.94441	1246510317.3595
chr21	17102169	17102307	0.56983	0.183504	20	4.3902e-06	5.0161e-05	0.25176	0.068251	32210284.8104617	15482082.9686861
chr21	17102309	17102642	1.1179e-14	0.32496	41	4.1966e-14	9.8404e-19	0.38462	0.059661	4.16056093745902e+64	3.70694761133512e+63
chr21	17102676	17102803	2.2271e-09	0.249922	39	4.4187e-14	1.9605e-13	0.30897	0.059046	1.16737041097928e+20	3.0792302751505e+19
chr21	17367090	17367258	1	0.105382	10	0.13588	0.37987	0.84122	0.73583	1.80816490021279	1.72761359164528
chr21	17399415	17399575	1	-0.075602	15	0.0019002	0.0085135	0.76193	0.83753	6.09512937560476	5.16621165130392
chr21	17988995	17989059	1	-0.078298	10	0.22311	0.4216	0.67628	0.75458	2.51010686566704	2.3364886885576
chr21	18699904	18700058	1	0.063443	10	0.013355	0.040161	0.87661	0.81317	3.12021079607182	2.81660294604373
chr21	18736349	18736541	1	0.134133	10	0.024956	0.070654	0.90569	0.77156	246.599860039728	168.543632360096
chr21	18805600	18805654	1	0.135973	10	0.14319	0.19125	0.84659	0.71062	140.411645396892	98.271690858083
chr21	18835171	18835221	1	0.150765	10	0.13588	0.070445	0.87265	0.72189	23.5789168602595	17.8845946173363
chr21	18885530	18885980	2.3496e-124	0.537806	90	4.2633e-14	2.0683e-128	0.5969	0.059098	1.22401789773014e+173	2.1524347556802e+171
chr21	18984619	18985670	2.6933e-198	0.430076	211	0	2.3708e-202	0.47285	0.042772	Inf	Inf
chr21	19004952	19005045	1	-0.130787	10	0.0012601	0.017594	0.82092	0.9517	245.881952623311	168.341219615491
chr21	19117120	19117238	1	0.121996	10	0.039282	0.19008	0.9306	0.80861	54.9510566506451	40.0698209105525
chr21	19191199	19191881	4.4661e-206	0.516186	149	-3.3307e-15	3.9314e-210	0.56193	0.045741	2.85624025886223e+261	2.00907872839078e+259
chr21	19256645	19256721	1	-0.060271	14	0.77915	0.92072	0.71662	0.77689	1.87502082868154	1.78489673257845
chr21	19617246	19617441	3.3254e-63	0.517611	45	4.6296e-14	2.9273e-67	0.60887	0.091256	5.05353962080605e+83	3.19919272594991e+82
chr21	19617933	19618099	1	-0.128683	14	0.016952	0.040659	0.051306	0.17999	3215.45911130493	2016.72992326862
chr21	20124099	20124152	1	0.075912	10	0.37127	0.82386	0.8592	0.78329	2.90319465954985	2.62751028976844
chr21	20393866	20393908	1	0.177997	10	0.013874	0.017653	0.87363	0.69563	122.208479740406	86.2479540489152
chr21	20394045	20394135	1	0.070641	12	0.10675	0.32968	0.84919	0.77855	13.9151283238417	11.0276984137362
chr21	20586346	20586452	1	0.130206	10	0.1263	0.11863	0.87224	0.74203	108.922462638614	77.382195028136
chr21	21141774	21141916	1	0.065417	10	0.072648	0.13998	0.83686	0.77144	2.60789242867566	2.40916674536509
chr21	21386872	21386952	1	-0.111508	12	0.15238	0.22673	0.70821	0.81972	7.58174639345562	6.29293838987876
chr21	22369485	22369607	9.1041e-07	0.534199	10	5.4512e-14	8.0141e-11	0.6846	0.1504	326015518780489	111602029875619
chr21	22370344	22370470	9.7094e-29	0.547925	32	4.7296e-14	8.547e-33	0.66751	0.11959	2.09941965332758e+46	2.87962601921836e+45
chr21	22370477	22370987	2.9041e-16	0.26123	41	4.7407e-14	2.5564e-20	0.31447	0.053238	1.00103898610362e+52	1.17355098019182e+51
chr21	22454283	22454460	1	-0.111668	13	0.028112	0.029465	0.71287	0.82454	10.2117931252682	8.21253233755448
chr21	22629995	22630197	1	0.098116	10	0.021059	0.083934	0.80511	0.707	2.08723100784522	1.97222531339185
chr21	23094977	23095033	1	0.145741	10	0.00010294	0.0034862	0.83999	0.69425	22.5888840285322	17.1866186805597
chr21	23272067	23272214	1	0.071647	10	0.6573	0.29403	0.83197	0.76033	1.34901957599012	1.32529707465384
chr21	23371303	23371434	1	0.113462	10	0.89682	0.22157	0.82694	0.71348	2.61115307612014	2.40916674536509
chr21	23934429	23934610	1	0.115196	13	0.021745	0.13878	0.7723	0.65711	3.99748895954467	3.55696848803565
chr21	26734225	26734356	1	-0.127175	14	0.00086182	0.012053	0.68874	0.81591	139.281029327417	97.8069596332035
chr21	26934474	26934661	7.7381e-45	0.517032	40	4.5408e-14	6.8117e-49	0.60959	0.092555	2.50259187285482e+68	2.11238704391028e+67
chr21	26934672	26934770	4.983e-35	0.529977	28	4.2966e-14	4.3865e-39	0.61939	0.089417	3.82362864968446e+50	4.75151977569229e+49
chr21	26979636	26980133	4.1883e-96	0.540641	67	5.4845e-14	3.6868e-100	0.59524	0.054601	2.54690643432424e+144	5.67306239767415e+142
chr21	27011846	27012068	1	0.189287	15	0.00012402	0.00092439	0.23759	0.0483	868567406.733661	382862069.087757
chr21	27067988	27068161	1	0.093039	13	0.044283	0.029456	0.48949	0.39646	4.70226132522648	4.10138619691501
chr21	27107035	27107197	1	0.259822	10	2.2165e-05	0.0003037	0.29473	0.034913	2694536524.12335	1159314073.09879
chr21	27107198	27107394	1	0.118344	10	0.056436	0.22049	0.1452	0.026856	2749087.5600832	1405160.81617383
chr21	27107799	27108038	1	0.194725	22	1.3381e-05	0.00011489	0.21493	0.020205	94262660821.7591	37240933994.0596
chr21	27151767	27151852	1	0.155808	10	0.0049235	0.021482	0.88454	0.72873	89.9552769420049	64.3290960546577
chr21	27160299	27160430	1	0.106144	10	0.25153	0.48262	0.93208	0.82594	20.3225464512787	15.6528874777141
chr21	27290852	27291001	1	0.061704	11	0.17726	0.44737	0.95097	0.88927	8.03936433164725	6.64449220845406
chr21	27541975	27542121	0.13024	0.153009	38	8.4991e-06	1.1465e-05	0.20412	0.051114	136282272917.39	53362578141.1586
chr21	27542640	27542874	0.0098724	0.179319	40	1.1891e-08	8.6905e-07	0.23563	0.056311	2808781890511952	889063435449270
chr21	27542892	27543055	1	0.163887	33	5.968e-06	0.00012046	0.19957	0.035684	313660760343.446	121345897905.436
chr21	27543056	27543108	1	0.19778	18	0.0012978	0.00028138	0.25971	0.061925	6353981.86363888	3158368.47618158
chr21	27543108	27543271	1	0.16336	31	0.00012709	0.00044357	0.21482	0.051456	23789309793522.4	8534031414792.34
chr21	27543385	27543451	1	0.152483	13	0.0010604	0.009564	0.18229	0.029807	105573.764935279	59037.1463940541
chr21	28216698	28216744	1	0.150246	10	0.084821	0.16405	0.17025	0.020006	177621.395523471	98285.2270657423
chr21	28216761	28216796	1	0.078671	15	0.090261	0.43816	0.096528	0.017858	133.673170080473	94.0256764927126
chr21	28337917	28338024	3.9133e-17	0.441975	28	4.13e-14	3.4448e-21	0.69307	0.25109	6.8744698265116e+28	1.48288680900133e+28
chr21	28338024	28338608	4.9228e-35	0.440441	66	4.8517e-14	4.3334e-39	0.63009	0.18965	1.26688443172119e+63	1.18816828297415e+62
chr21	28339120	28339145	9.6498e-09	0.601903	10	4.3854e-14	8.4946e-13	0.70893	0.10703	605880235540238592	175442459763703328
chr21	28340051	28340148	9.9553e-13	0.539455	15	4.6851e-14	8.7635e-17	0.70445	0.16499	1.02343608827659e+22	2.55559070108925e+21
chr21	28515816	28516202	3.4124e-66	-0.299928	62	3.5416e-14	3.0038e-70	0.55077	0.85069	5.8892875380327e+40	9.45876193095522e+39
chr21	28840888	28840985	1	0.104746	12	0.031299	0.19772	0.8634	0.75866	172.018804424149	118.98135358763
chr21	30156136	30156368	1	-0.084261	10	0.25865	0.70796	0.62355	0.70781	3.5241201864311	3.1564218316921
chr21	30365057	30365131	2.8021e-08	0.415327	12	8.149e-14	2.4666e-12	0.47105	0.055723	48420025871443616	14758741766207902
chr21	30365131	30365206	3.7717e-11	0.51714	10	4.4187e-14	3.3201e-15	0.5445	0.027363	49324080481667424256	13183927725463271424
chr21	30365234	30365320	1.529e-10	0.409945	14	4.2966e-14	1.346e-14	0.4481	0.038155	773779949658979712	222246292692204032
chr21	30375017	30375088	6.8575e-20	0.513876	18	4.4187e-14	6.0365e-24	0.60062	0.08674	2.28710518098382e+29	4.8262477441628e+28
chr21	30383751	30383832	1	0.059615	11	0.77864	0.86813	0.77835	0.71873	1.9155873546524	1.8167762836035
chr21	30391373	30391722	2.5182e-25	0.42636	31	4.2077e-14	2.2167e-29	0.47546	0.049101	8.32087462206561e+68	6.73083644692295e+67
chr21	30396878	30396960	1	0.171042	10	0.00062749	0.0071452	0.19506	0.024017	3559.06264110316	2223.89259989213
chr21	30445692	30445887	1.0507e-36	0.535169	25	4.0301e-14	9.2488e-41	0.59631	0.061137	3.09564326607356e+49	3.9557457913484e+48
chr21	30564519	30564655	1	0.090562	14	0.12199	0.43238	0.76318	0.67262	7.02720994517108	5.882096015067
chr21	30670784	30670828	1	0.195385	13	0.00059195	0.0034139	0.27337	0.077984	73110.9967865897	41312.427258073
chr21	30670848	30670923	1	0.213433	12	0.009182	0.013501	0.28031	0.066878	360119.243654623	194624.819841479
chr21	30670932	30671030	1	0.118723	19	0.0032129	0.025278	0.1783	0.059581	3445695.89619426	1749104.71635653
chr21	30671030	30671049	1	0.189656	11	0.002859	0.0099902	0.24604	0.056384	245986.365581372	134672.488542205
chr21	30671100	30671136	1	0.186505	12	0.0039701	0.0018516	0.22761	0.041106	7893505.09315918	3905110.37434135
chr21	30671136	30671176	1	0.142517	10	0.087317	0.19125	0.17465	0.032129	41893.4187994893	24163.6131879821
chr21	30671184	30671262	1	0.129277	26	0.0005475	0.0017582	0.18962	0.060342	2117048.11682255	1092029.50926368
chr21	30671290	30671323	1	0.076939	10	0.11886	0.59437	0.13652	0.05958	55.2872387738342	40.2501468681724
chr21	30671526	30671676	1	0.098878	12	0.0059476	0.013553	0.16262	0.063744	7077.57455127488	4339.47419732329
chr21	30671696	30671751	1	0.106249	13	0.01912	0.079168	0.18068	0.074427	1698.47134585276	1091.16330308008
chr21	30697271	30697332	1	0.070435	10	0.20426	0.16331	0.76745	0.69702	2.85824881536439	2.59891140888153
chr21	31311420	31311486	1.6615e-09	0.428685	12	4.4964e-14	1.4626e-13	0.51811	0.089425	304644631597984	105000611594147
chr21	31311501	31311789	1.4335e-05	0.362915	10	3.0492e-10	1.2619e-09	0.48452	0.12161	3.45252876455506e+38	5.82841901636493e+37
chr21	31311789	31311861	1.1118e-09	0.384365	11	8.3711e-14	9.7866e-14	0.45704	0.072671	749065517414567	245883171015333
chr21	32470330	32470486	1	-0.052261	12	0.8051	0.81913	0.65038	0.70265	1.55654194702524	1.51092231200105
chr21	32624210	32624304	5.9513e-05	-0.274352	14	1.2256e-11	5.2388e-09	0.55178	0.82614	145334489.126278	67129881.2611415
chr21	32774980	32775123	1	0.097694	14	0.57771	0.43269	0.84118	0.74349	126.651512568518	89.2351219855562
chr21	32863294	32863376	1	-0.074828	10	0.65977	0.48262	0.76462	0.83945	1.36929182072744	1.34200230026745
chr21	32929963	32930061	1.144e-05	0.249662	23	1.2978e-11	1.0071e-09	0.29123	0.041567	328618118584587	112107705167778
chr21	32930061	32930282	0.00046487	0.196638	37	3.621e-09	4.0921e-08	0.24626	0.049618	1.31034222473903e+21	3.37954618338318e+20
chr21	32930286	32930349	0.10195	0.305197	10	8.4616e-07	8.9743e-06	0.34008	0.034886	376915573639.906	145375408824.77
chr21	32930349	32930394	1	0.14815	10	0.0046189	0.021636	0.22094	0.072789	2937.16064535002	1849.06830779949
chr21	32930405	32930542	7.7352e-11	0.277474	37	4.1855e-14	6.8092e-15	0.33133	0.053859	2.85527630354407e+23	6.79508897560899e+22
chr21	32930542	32931084	7.0087e-21	0.225624	90	3.8747e-14	6.1697e-25	0.28054	0.054917	4.66489029291788e+44	6.94538179602076e+43
chr21	32931086	32931143	9.9682e-05	0.338997	12	2.4538e-10	8.7749e-09	0.36008	0.021082	2807516762718.77	1040064826517.15
chr21	32931205	32931275	0.046995	0.219048	23	1.6455e-09	4.1368e-06	0.29217	0.073127	465229170353.276	177801535211.217
chr21	32931280	32931354	8.6657e-06	0.288219	23	2.1339e-11	7.6282e-10	0.31949	0.031276	193579131526760448	57642554991555864
chr21	32931357	32931435	0.51101	0.176058	23	1.8242e-06	4.4984e-05	0.23175	0.055694	285958181.3269	128731467.326529
chr21	32931446	32931584	0.0056199	0.209173	27	2.2319e-09	4.9471e-07	0.24866	0.039488	103762626278353072	31019307973012936
chr21	32931587	32931681	9.2558e-11	0.302737	32	4.2077e-14	8.1477e-15	0.34762	0.044881	5.85032532536949e+24	1.3442717043053e+24
chr21	32931681	32931772	1	0.103216	10	0.010179	0.039502	0.18105	0.077831	150.728266603795	104.785301402169
chr21	33027427	33027521	1	0.05127	10	0.073193	0.033003	0.73295	0.68168	1.51815671071245	1.47722165286206
chr21	33035053	33035145	1	-0.059879	12	0.61799	0.90164	0.87059	0.93047	6.6144730802698	5.56763384716731
chr21	33103634	33103671	1	0.127993	10	0.43051	0.22168	0.14076	0.012766	2100.82029945124	1342.25915967283
chr21	33103754	33104056	1	0.10764	18	0.0044707	0.026374	0.14012	0.032481	8744.07054205379	5309.99828931285
chr21	33104401	33104485	1	0.116483	12	0.34046	0.61284	0.13618	0.019694	41333.35664738	23889.0326226944
chr21	33244921	33245797	2.5947e-84	0.320878	149	4.996e-14	2.2841e-88	0.36551	0.044636	3.95385868595034e+127	1.15880969693738e+126
chr21	33245807	33246310	7.952e-52	0.366414	75	4.4298e-14	7e-56	0.40386	0.037443	3.78774785256857e+104	1.50977053912464e+103
chr21	33246310	33246526	0.43385	0.202226	13	6.3407e-05	3.8191e-05	0.27909	0.076867	1.34646207661848e+23	3.29906886299253e+22
chr21	33294847	33294936	1	0.07362	10	0.46105	0.42911	0.57658	0.50297	2.76036955508865	2.52737235934846
chr21	33416445	33416629	1	0.111422	10	0.10798	0.42409	0.73409	0.62267	8.30817662761784	6.81796440718932
chr21	33650925	33651059	2.3771e-17	0.417457	20	4.4298e-14	2.0925e-21	0.46857	0.051118	1.4106696552939e+36	2.51373725210636e+35
chr21	33765094	33765166	1	0.150528	17	0.00019691	0.0016514	0.19179	0.041265	350921.516752535	190065.346705359
chr21	33765166	33765269	1	0.128567	24	0.00049052	0.0034549	0.17053	0.041961	21284891.3270171	10305580.4432099
chr21	33765592	33765688	1	0.214223	10	8.9403e-05	0.00092824	0.24483	0.030604	4240854.98835682	2137828.4232045
chr21	33783950	33784428	6.6306e-114	0.499151	87	6.4948e-14	5.8368e-118	0.55545	0.056296	4.63794612758377e+148	9.78699065609705e+146
chr21	33784428	33785330	5.9098e-143	0.516225	108	6.6391e-14	5.2023e-147	0.56538	0.049154	4.25967447880289e+241	3.49562970124504e+239
chr21	33885680	33885770	1	0.128122	10	0.052164	0.083923	0.83087	0.70275	17.6439399684511	13.7345558488294
chr21	33941701	33941807	1	0.165266	17	8.3491e-05	0.00039088	0.19435	0.029086	2256041.57896861	1158436.35590651
chr21	33984388	33984428	5.7568e-05	0.363263	10	2.5003e-10	5.0676e-09	0.39641	0.033149	1341025856236.48	506225469763.36
chr21	33984441	33984594	2.0452e-34	0.522085	27	3.9746e-14	1.8003e-38	0.54716	0.025079	4.39625032412229e+54	4.84463693396829e+53
chr21	33984631	33984937	1.2566e-47	0.444707	50	3.253e-14	1.1062e-51	0.47076	0.02605	1.31407454734585e+69	1.04756235896269e+68
chr21	34099732	34099803	4.4915e-08	0.385112	12	8.4155e-14	3.9538e-12	0.43172	0.046607	3552426853808957	1116120043166237
chr21	34099813	34100247	1.5983e-105	0.511133	80	5.3291e-14	1.4069e-109	0.56395	0.05282	3.71549799912812e+154	7.40486119404197e+152
chr21	34100288	34100533	3.6228e-88	0.542428	58	3.3751e-14	3.1891e-92	0.57877	0.036339	1.35073851002103e+120	4.11713965539822e+118
chr21	34100534	34100606	9.979e-10	0.409768	10	4.9738e-14	8.7843e-14	0.45029	0.040521	517266202635.536	197082668061.605
chr21	34143545	34144030	2.6085e-147	0.513502	107	5.751e-14	2.2962e-151	0.55713	0.043625	1.55096483915123e+185	2.36372132578734e+183
chr21	34291299	34291454	1	-0.070003	10	0.14601	0.22193	0.59065	0.66066	4.71799591698815	4.10957909299203
chr21	34351252	34351402	1	0.11789	12	0.030492	0.17244	0.53159	0.4137	19.2646344232501	14.9058132700411
chr21	34392173	34392275	1.0305e-20	0.575964	22	3.8969e-14	9.0711e-25	0.68882	0.11285	1.04571470472322e+35	1.9124442431046e+34
chr21	34392343	34392457	6.9147e-19	0.553298	21	4.5852e-14	6.0869e-23	0.68407	0.13077	4.37021861590055e+32	8.29982902433634e+31
chr21	34392458	34392610	1.7289e-19	0.558748	24	4.8739e-14	1.5219e-23	0.65383	0.095086	1.25475684186886e+37	2.14868302216967e+36
chr21	34395154	34395209	1	0.184151	10	0.00043414	0.0072065	0.27365	0.089497	1608.71217851411	1037.27045507944
chr21	34395212	34395318	1	0.112196	10	0.022228	0.11881	0.17982	0.067626	336.330199772712	227.505891288224
chr21	34395619	34395727	1	0.05547	10	0.3898	0.97043	0.12495	0.069476	11.7704142657192	9.38321418603639
chr21	34397582	34397691	1	0.109393	14	0.00032306	0.00050924	0.2149	0.10551	17.4739946598131	13.6637214983532
chr21	34398012	34398054	1	0.125778	10	0.09315	0.25541	0.21947	0.093691	89.1497161954852	63.8575341095445
chr21	34398227	34398280	1	0.131308	13	0.027621	0.30523	0.23464	0.10333	9.24152655889004	7.49722904894714
chr21	34398665	34398919	1	0.127538	13	0.001825	0.0096043	0.17967	0.052137	1137.92686993865	741.720210651687
chr21	34399244	34399302	1	0.08786	10	0.057325	0.13771	0.25991	0.17205	5.07790945051924	4.38736138925285
chr21	34399327	34399420	1	0.171378	10	0.0057659	0.01415	0.24782	0.076445	8287.75856211971	5042.61042642454
chr21	34399848	34399918	1	0.11245	18	0.015958	0.02269	0.20114	0.088691	482.011838502828	320.399428406921
chr21	34399982	34400018	1	0.145402	12	0.014624	0.069198	0.25961	0.11421	141.242277138609	98.687452725218
chr21	34400037	34400090	1	0.080124	10	0.21166	0.29235	0.16393	0.08381	25.953986297798	19.564376541013
chr21	34400094	34400134	1	0.079034	12	2.5871e-09	0.32947	0.25366	0.17463	2.01088397885816	1.90479982991488
chr21	34442361	34443399	1.9378e-161	0.489523	137	4.9183e-14	1.7058e-165	0.58435	0.094824	6.22751453932595e+276	3.65036022234816e+274
chr21	34443781	34443884	1.5792e-18	0.479429	18	4.2966e-14	1.3902e-22	0.60795	0.12852	6.05895120491567e+27	1.3353843218337e+27
chr21	34444364	34444452	4.3242e-28	0.434484	26	3.9746e-14	3.8065e-32	0.5328	0.098318	5.59201848739446e+35	1.0030232456874e+35
chr21	34602494	34602533	1	0.153962	10	0.0705	0.25556	0.16999	0.016024	183382.35069902	100613.059938032
chr21	34638663	34639073	9.3913e-79	0.553752	53	5.5844e-14	8.267e-83	0.59701	0.043255	9.99035867091583e+129	2.81088637868675e+128
chr21	34696676	34696733	1	0.14462	16	0.014238	0.024075	0.19035	0.045726	4060.80682896445	2523.12733804356
chr21	34696790	34696929	0.32997	0.233081	21	3.0066e-06	2.9047e-05	0.2698	0.036721	2710296449722.77	1007226230436.25
chr21	34696929	34697027	1	0.147332	12	0.016747	0.081802	0.18067	0.033336	378204.391583153	203955.474945194
chr21	34767084	34767264	1	-0.062877	13	0.24932	0.70111	0.76532	0.8282	1.78679882200105	1.71138878965399
chr21	34773644	34773763	1	-0.203921	10	0.00065152	0.002094	0.31168	0.5156	388.510147937658	260.524976108253
chr21	34775473	34775994	5.8409e-52	0.302129	110	3.5416e-14	5.1417e-56	0.35083	0.048703	7.91777138971074e+110	2.87750191185267e+109
chr21	34776345	34776417	0.54242	0.273435	10	1.629e-06	4.7749e-05	0.29143	0.017999	231913447.294934	105489352.345175
chr21	34851766	34851978	5.9583e-14	0.360548	32	4.4631e-14	5.245e-18	0.42471	0.064157	8.3955946625014e+50	1.01377051610509e+50
chr21	34852049	34852083	1	0.22512	10	0.00014373	0.00053944	0.29481	0.069691	3916.12757438528	2438.65379090605
chr21	34852083	34852204	7.2869e-18	0.31888	31	4.1189e-14	6.4145e-22	0.36525	0.046373	6.14758044226258e+27	1.34771106999191e+27
chr21	34852292	34852334	3.1549e-13	0.45533	16	4.3077e-14	2.7772e-17	0.5101	0.054772	1.94338948556953e+22	4.80721197485547e+21
chr21	34852346	34852665	1.4153e-10	0.316791	27	4.6185e-14	1.2458e-14	0.38339	0.066603	3.86752924940462e+32	7.39047207096076e+31
chr21	34863673	34864243	3.1836e-42	0.362652	71	3.4639e-14	2.8025e-46	0.41228	0.049633	5.84379146808247e+86	3.56245200867865e+85
chr21	34914432	34914930	6.9154e-34	0.362863	50	3.9302e-14	6.0875e-38	0.41659	0.05373	1.31828746163588e+67	1.12819442789472e+66
chr21	34915275	34915387	0.00026223	0.230661	14	2.9504e-09	2.3084e-08	0.32006	0.089396	105177613.420637	48704756.5077978
chr21	34915387	34915570	2.5339e-20	0.403758	26	4.3632e-14	2.2306e-24	0.44055	0.036796	2.62146308368725e+32	5.0400931503483e+31
chr21	34915570	34915870	2.0934e-15	0.318874	29	4.5852e-14	1.8427e-19	0.38269	0.063813	4.43327346983295e+41	6.91237246761762e+40
chr21	34960454	34961003	2.896e-141	0.504485	101	6.517e-14	2.5493e-145	0.56206	0.05758	9.62720483718471e+202	1.12862893753631e+201
chr21	34961008	34961127	1.7884e-63	0.534655	44	3.1197e-14	1.5743e-67	0.57605	0.041397	5.09057266124655e+78	3.40167223553404e+77
chr21	35014142	35014247	7.7877e-34	0.565302	20	4.8184e-14	6.8553e-38	0.61129	0.045983	3.52607048292385e+49	4.46442687169725e+48
chr21	35014948	35015002	1	0.161535	15	0.0021136	0.0070726	0.18412	0.022584	729964.469221521	387659.911556095
chr21	35015044	35015097	1	0.215393	16	3.8313e-05	0.00034559	0.25853	0.043136	35837363.8200149	17099422.1274866
chr21	35015149	35015214	1	0.201088	17	6.2814e-05	0.0001261	0.27123	0.070145	62371598.0749251	29174991.3621279
chr21	35015242	35015280	1	0.126702	12	0.013803	0.095751	0.17908	0.052377	1153.73658039348	750.672687125889
chr21	35015461	35015497	1	0.156872	10	0.035538	0.021825	0.19608	0.039211	16245.7555569464	9694.12611780271
chr21	35015567	35015766	0.57173	0.166675	20	3.9089e-06	5.0329e-05	0.22378	0.057107	4044112738.092	1720999910.81758
chr21	35287862	35288038	0.77371	0.199477	19	4.0438e-06	6.8108e-05	0.2827	0.083218	9672532.53103985	4762559.98011341
chr21	35445418	35445612	1	0.097434	12	0.10731	0.25719	0.13479	0.037356	7206.46360459054	4410.05158452082
chr21	35445620	35445635	1	0.062775	10	0.16799	0.71298	0.10177	0.038996	10.0902426732311	8.12660810845224
chr21	35445933	35445953	1	0.088531	10	0.45691	0.77027	0.13116	0.042627	0.718629047811989	1
chr21	35446068	35446132	7.3228e-06	0.241959	28	1.5934e-10	6.4462e-10	0.27664	0.034685	4564749099279711	1423473927794142
chr21	35446139	35446212	0.00033756	0.245991	24	7.0331e-10	2.9715e-08	0.29741	0.051424	97257442456577.1	34319449213868.4
chr21	35446235	35446358	0.013913	0.202816	29	2.674e-05	1.2247e-06	0.26115	0.058335	5061636823745049	1572489751808251
chr21	35446364	35446556	1.9952e-10	0.317958	25	1.0636e-13	1.7564e-14	0.36454	0.046579	7.38983695742357e+29	1.53341282703865e+29
chr21	35446566	35446866	0.0010325	0.215161	19	8.4672e-10	9.0885e-08	0.26064	0.045479	92483939505618.2	32743434619808.6
chr21	35747585	35748102	5.3159e-34	0.319975	68	4.7962e-14	4.6794e-38	0.35853	0.038553	5.35582073080688e+75	3.76728304628854e+74
chr21	35833066	35833172	1	-0.108014	10	0.016437	0.032768	0.54972	0.65773	78.8810764554491	56.6871041819347
chr21	35986817	35986856	1	0.254333	10	6.0763e-05	0.00016508	0.29395	0.03962	5958001.85570153	2975508.54692714
chr21	35986886	35986999	0.0020091	0.282301	21	5.4106e-09	1.7686e-07	0.34155	0.059248	369411001412993920	107835098888435504
chr21	35987005	35987083	0.11499	0.21028	20	1.2612e-06	1.0122e-05	0.27694	0.066661	2117608878.3934	923505864.9031
chr21	35987083	35987170	4.7911e-08	0.398437	12	1.6492e-12	4.2175e-12	0.42937	0.030935	4083742041520212	1278263921554392
chr21	35987170	35987786	2.0202e-34	0.235575	135	3.6082e-14	1.7783e-38	0.28606	0.050484	5.56508775547424e+68	4.63213634980857e+67
chr21	36040729	36040819	1	-0.103106	12	0.040682	0.28786	0.66144	0.76455	9.66360966701331	7.80565892212447
chr21	36041334	36042204	2.6256e-125	0.586611	126	2.9643e-14	2.3113e-129	0.68122	0.094611	1.28585150595057e+233	1.20595686372855e+231
chr21	36042559	36043205	8.4754e-70	0.558786	75	4.341e-14	7.4607e-74	0.65322	0.094435	1.31451536253535e+134	3.54441422489017e+132
chr21	36164167	36164800	1.4864e-98	-0.301215	110	6.0174e-14	1.3084e-102	0.56791	0.86912	1.3860488575948e+88	8.28704475232532e+86
chr21	36259056	36259273	3.4716e-37	0.643296	31	4.7518e-14	3.056e-41	0.72566	0.08236	6.96061783052531e+59	6.93613734577551e+58
chr21	36261702	36261742	1	0.085813	14	0.34182	0.25183	0.11599	0.030173	656.709686454444	433.443790707915
chr21	36261745	36261910	1	0.092887	18	0.33735	0.25458	0.11836	0.025475	5085.34578795941	3147.78731071813
chr21	36262224	36262261	1	0.084176	10	0.021059	0.1189	0.10843	0.024254	17.4892181718741	13.6637214983532
chr21	36262300	36262362	1	-0.057523	10	0.45074	0.91246	0.016539	0.074062	4.18149200574095	3.69618402383197
chr21	36262538	36262572	1	0.06265	10	0.57106	0.76908	0.10615	0.043498	269.040611508705	182.934999619049
chr21	36262595	36262628	1	0.084913	10	0.54582	0.91341	0.11109	0.026178	1161.81187816451	754.56480715491
chr21	36402378	36402458	1	-0.164118	10	0.047017	0.10014	0.56182	0.72594	30.294653959331	22.5878076414238
chr21	37432226	37432598	3.7965e-68	0.468934	61	3.697e-14	3.3419e-72	0.51466	0.045724	6.80507962846312e+93	3.59001856132287e+92
chr21	37432598	37433108	2.1525e-35	0.411517	46	4.885e-14	1.8948e-39	0.45266	0.041142	9.35878230107013e+93	4.82750786925071e+92
chr21	37442214	37442494	3.0112e-14	0.265414	46	4.3632e-14	2.6507e-18	0.35541	0.089995	4.83081136281073e+36	8.38171256384511e+35
chr21	37507283	37507514	2.6967e-16	0.319846	36	4.0079e-14	2.3739e-20	0.36041	0.040568	5.1753572970953e+37	8.79750068087712e+36
chr21	37508022	37508191	0.0086769	0.329888	11	4.5531e-08	7.6382e-07	0.35464	0.024751	35135601655568551936	9432652730510196736
chr21	37528542	37528664	1	0.110119	23	0.00094377	0.011838	0.15018	0.040065	19106.0751985817	11244.1380418383
chr21	37528671	37528788	1	0.22245	10	0.0019217	0.0004025	0.25506	0.032606	281219.158598651	152972.672438188
chr21	37528857	37528944	1	0.188976	14	0.00034145	0.0037308	0.25087	0.061891	180561.245185499	99488.6110635225
chr21	37528962	37529043	1	0.161261	17	4.6126e-05	0.00047788	0.19688	0.035621	36181773.0858152	17221336.3104818
chr21	37529199	37529249	1	0.192921	10	0.008596	0.0072018	0.22934	0.036417	5216543.23812219	2617444.90728757
chr21	37529256	37529523	1	0.108144	15	0.036276	0.12507	0.15067	0.042521	6218845.04548092	3098486.68737326
chr21	37529537	37529706	0.0011145	0.386436	10	8.2187e-09	9.8109e-08	0.43798	0.051548	121175369960.466	47589389140.394
chr21	37622446	37622591	1	0.089441	10	0.14983	0.2215	0.95232	0.86288	8.65850745680091	7.08515616043029
chr21	37667855	37667909	1	-0.148016	10	0.0076153	0.13951	0.65514	0.80316	22.02532926562	16.8869464709443
chr21	37667932	37667976	1	-0.255713	10	1.9965e-06	0.00094664	0.57742	0.83313	56626.9128874961	32462.5561570757
chr21	37692304	37692330	1	0.069186	10	0.38232	0.82338	0.12974	0.060552	28.3077215381142	21.2722737466955
chr21	37692467	37692530	1	0.166723	13	0.0046984	0.020482	0.20332	0.036598	40344.9048428674	23365.0445397145
chr21	37692556	37692631	0.67123	0.226431	18	2.7761e-06	5.9087e-05	0.25492	0.028487	636398062178.674	241726813770.094
chr21	37692658	37692771	1	0.183113	26	5.9028e-05	0.00011483	0.21768	0.034568	623611647339026	206164694665422
chr21	37757529	37757994	2.978e-17	0.252326	74	4.5186e-14	2.6215e-21	0.30217	0.049849	3.57216743834653e+43	5.44410043358791e+42
chr21	37788001	37788185	1	0.075773	16	0.027119	0.10328	0.64511	0.56933	28.6031054048841	21.3740592707226
chr21	38065525	38065579	0.0065734	0.288898	15	4.9143e-09	5.7864e-07	0.53539	0.24649	34090314.5947389	16305801.1191717
chr21	38065800	38065881	1	0.16162	13	0.0011225	0.006426	0.45139	0.28977	316.004038525432	214.127003830832
chr21	38076855	38077260	1.2117e-28	0.283481	69	4.3965e-14	1.0667e-32	0.47715	0.19367	1.89318302954113e+36	3.32916124772766e+35
chr21	38077270	38077667	6.6304e-17	0.323345	31	4.2522e-14	5.8366e-21	0.49225	0.1689	2.80225869160544e+31	5.55195450036716e+30
chr21	38082603	38082656	1	0.093739	10	0.031559	0.16316	0.54319	0.44945	4.38261685245721	3.85341458305147
chr21	38126551	38126603	1	0.069499	10	0.008596	0.017168	0.85127	0.78177	3.32454591381164	2.98156814075722
chr21	38330906	38331015	1	-0.089275	11	0.19909	0.55052	0.83046	0.91973	6.5128000386112	5.48968725411659
chr21	38338211	38338433	1	0.216054	10	0.00037662	0.004314	0.26508	0.049028	16247.1728701933	9694.12611780271
chr21	38338454	38338952	3.1405e-29	0.306611	67	4.1633e-14	2.7645e-33	0.36061	0.054002	1.10353230294517e+62	1.07377703569108e+61
chr21	38338958	38339140	1.1594e-27	0.409495	35	4.8295e-14	1.0206e-31	0.44246	0.03296	4.41031257892688e+50	5.37716891217345e+49
chr21	38362197	38362301	1.3769e-11	0.382568	14	4.2522e-14	1.212e-15	0.40597	0.023397	1.32514706940668e+31	2.65650819306614e+30
chr21	38362308	38362446	1	0.201803	14	1.2702e-05	8.9446e-05	0.25835	0.056548	16394871854.9979	6803967921.06594
chr21	38362446	38362487	0.000332	0.338158	12	2.8454e-09	2.9226e-08	0.39272	0.054567	40089628931.9004	16261443857.4883
chr21	38378344	38378435	4.2872e-09	0.311211	22	4.2855e-14	3.774e-13	0.49135	0.18014	507953890687849	170310448694871
chr21	38378440	38378655	3.0082e-05	0.297881	16	2.8982e-09	2.648e-09	0.47131	0.17343	4.39897749321209e+21	1.11392630543237e+21
chr21	38378714	38378988	9.1969e-10	0.253066	34	3.9968e-14	8.0958e-14	0.43782	0.18476	52339502503555728	15879618637557438
chr21	38378988	38379031	0.00025498	0.327338	13	1.4456e-09	2.2445e-08	0.54342	0.21609	12122081860.658	5044946143.65016
chr21	38379221	38379251	0.76646	0.223472	13	0.00016982	6.747e-05	0.41889	0.19542	42056.9502671168	24208.6313964295
chr21	38442939	38443212	1.2238e-15	-0.453044	14	4.5741e-14	1.0773e-19	0.41089	0.86393	312936881431362816	92083419975699952
chr21	38445425	38445998	1.052e-64	0.334391	121	5.6621e-14	9.2604e-69	0.38845	0.054063	3.22996476524684e+105	1.24957605220569e+104
chr21	38593122	38593273	0.043246	0.225568	18	7.643e-07	3.8069e-06	0.2732	0.047631	318930717.129151	142827120.683863
chr21	38593284	38593441	0.0019934	0.248404	24	9.9984e-08	1.7547e-07	0.30742	0.059018	12720382742315.3	4637794880258
chr21	38639625	38639882	1.1855e-13	0.244529	50	4.4298e-14	1.0436e-17	0.28034	0.035809	7.15745783409461e+30	1.45162978346819e+30
chr21	38639882	38640298	0.042727	0.162412	34	2.2414e-06	3.7612e-06	0.21868	0.05627	158101523868.918	61720759025.0288
chr21	38640305	38640396	3.0545e-05	0.292332	18	2.6752e-12	2.6888e-09	0.34064	0.04831	4921005463790912512	1365010528878523392
chr21	38648151	38648347	1	-0.095005	10	0.095163	0.48231	0.20693	0.30194	4.21944552369959	3.71613192472906
chr21	38739858	38739873	1	0.173859	10	0.0054144	0.05879	0.32862	0.15476	117.90770018393	83.6273840694931
chr21	38936071	38936495	1.9721e-42	0.409253	50	3.8303e-14	1.736e-46	0.45787	0.048619	5.70107002393625e+112	1.80455909315684e+111
chr21	39204629	39204794	1	0.069405	12	0.12286	0.29132	0.71358	0.64417	5.45135959258312	4.67831432573012
chr21	39288471	39289186	4.6272e-49	0.384434	70	3.8969e-14	4.0733e-53	0.50822	0.12379	2.58721972947837e+102	1.0919098506591e+101
chr21	39676791	39676874	1	-0.127038	12	0.00057282	0.024231	0.66749	0.79453	13.7698981210409	10.9287468088449
chr21	39755553	39755717	1	0.13967	12	0.0093929	0.095783	0.7396	0.59993	9.95052949511152	8.02574946381796
chr21	39931698	39931904	1	-0.068457	10	0.21166	0.65437	0.64557	0.71403	1.85996387816815	1.77492449804089
chr21	39951966	39952041	1	0.061898	10	0.33075	0.65411	0.7319	0.67	1.54626641244039	1.50276067516188
chr21	40032325	40032499	1.7201e-44	0.593919	42	4.6296e-14	1.5142e-48	0.66374	0.069818	6.44063224719676e+68	5.28539574799266e+67
chr21	40032499	40032674	7.6963e-47	0.536858	53	3.5749e-14	6.7749e-51	0.64048	0.10362	4.7189918351241e+85	2.93208167950266e+84
chr21	40032679	40032998	0.57975	0.346758	11	1.0377e-07	5.1034e-05	0.49748	0.15072	25312511.1613583	12196297.8749335
chr21	40033510	40033636	1.0674e-29	0.631252	26	3.9191e-14	9.3965e-34	0.69776	0.066505	4.29064831823612e+50	5.28157178680883e+49
chr21	40177170	40177323	1	0.081758	10	0.17439	0.65467	0.15511	0.07335	250.162880957941	170.685576456649
chr21	40177402	40177467	1	0.191691	17	0.00027132	0.0042749	0.23386	0.042173	2355611.91645784	1206802.35344909
chr21	40177498	40177550	1	0.172688	10	0.013102	0.040042	0.18872	0.016032	83831.9566806167	47075.6239742267
chr21	40177969	40178013	1	0.178052	10	0.0085102	0.058846	0.18959	0.011539	174190183.628382	79641467.309577
chr21	40178020	40178142	1	0.108175	13	7.8455e-05	0.078807	0.12735	0.019179	249677.019864722	136400.34145013
chr21	40178161	40178222	1	0.129639	13	0.25794	0.24031	0.17455	0.044914	721.038334408673	475.056909657297
chr21	40178298	40178325	1	0.137973	10	0.026079	0.1002	0.18303	0.045058	1638.1205420682	1054.3120487637
chr21	40178329	40178381	1	0.20793	12	0.00080619	0.0046062	0.24898	0.041046	1787300.97230033	930318.442791733
chr21	40178459	40178621	1	0.147629	32	1.7233e-10	0.00014259	0.19077	0.043136	2173905063.74799	945508533.001765
chr21	40194658	40194822	7.997e-26	-0.173558	34	4.5186e-14	7.0396e-30	0.61601	0.78957	55737466601.1373	22347260935.0398
chr21	40357709	40357885	1	-0.050143	12	0.22813	0.61273	0.64913	0.69927	1.04631216447246	1.0377257809422
chr21	40366939	40367552	1	0.079351	10	0.10798	0.37974	0.74343	0.66408	2.36636626538646	2.21933730671224
chr21	40555097	40555328	2.5643e-36	0.419305	43	4.674e-14	2.2573e-40	0.46286	0.043556	2.5567554625573e+64	2.30797386420765e+63
chr21	40555724	40555891	5.749e-31	0.443165	32	5.0515e-14	5.0608e-35	0.49808	0.05491	1.36036062651425e+45	1.97754651451075e+44
chr21	40684644	40684777	9.2648e-17	0.433551	15	4.5741e-14	8.1556e-21	0.47068	0.037129	6.12945602832764e+48	8.04805480858963e+47
chr21	40684793	40685195	8.3728e-103	0.583462	66	7.1054e-14	7.3704e-107	0.62553	0.042067	8.72243659255158e+181	1.43158396595219e+180
chr21	40685195	40685472	2.8406e-50	0.455821	45	3.8414e-14	2.5005e-54	0.52015	0.064332	1.81365455339429e+70	1.36077246679056e+69
chr21	40685472	40686208	4.4776e-213	0.551824	148	6.2839e-14	3.9416e-217	0.59559	0.043763	Inf	Inf
chr21	40720585	40720691	6.1446e-12	0.301353	30	4.6629e-14	5.409e-16	0.34028	0.038926	6.18010640358718e+30	1.26065476462388e+30
chr21	40720729	40720767	0.0030476	0.315409	12	2.6418e-08	2.6827e-07	0.35138	0.035968	19968958283.0357	8240414203.55051
chr21	40720904	40721253	9.1487e-17	0.269594	56	4.5408e-14	8.0534e-21	0.2933	0.023709	1.37167034071567e+40	2.23519551417911e+39
chr21	40721253	40721428	0.06431	0.196185	21	4.7851e-14	5.6611e-06	0.23805	0.04186	1892198082601569	601155545586196
chr21	40752150	40752198	1	0.15057	10	0.0080924	0.05884	0.20923	0.058658	3308.00016893014	2070.89342345685
chr21	40752219	40752309	1	0.261528	12	1.9308e-05	0.00033207	0.30598	0.044451	2615668399.60323	1128447797.2497
chr21	40752328	40752467	1	0.175406	12	0.0071256	0.0059022	0.22354	0.048131	2006.57943857787	1286.75141020175
chr21	40752514	40752578	1	0.172373	10	0.012488	0.026768	0.23445	0.062074	1110.24542351053	724.978547356814
chr21	40752632	40752781	1	0.159565	10	0.0029879	0.026869	0.19394	0.034377	2007306.30583873	1040128.23819545
chr21	40817360	40817915	6.7811e-22	0.245323	90	4.0967e-14	5.9692e-26	0.296	0.050677	1.98370919647485e+62	1.90696546437207e+61
chr21	40891195	40891375	1	0.110907	10	0.072648	0.13867	0.54961	0.43871	6.10816472240742	5.17009956574227
chr21	41515484	41515643	1	0.089093	10	0.087317	0.18998	0.53774	0.44864	2.67815740101926	2.46151864290633
chr21	41516786	41516937	1	0.060544	10	0.38232	0.8716	0.61715	0.5566	1.27731059260514	1.25784395989252
chr21	41931107	41931248	1	-0.12412	15	0.016119	0.20784	0.61402	0.73814	68.4258291489986	49.3339799843308
chr21	41949324	41949503	1	-0.131666	16	0.013142	0.13235	0.53503	0.66669	62.157320522377	45.0330880220739
chr21	42213517	42213686	1	0.180213	19	0.00161	0.0010184	0.26018	0.079972	460532.14061932	246193.031796495
chr21	42218498	42218720	3.8119e-34	0.479228	33	4.8073e-14	3.3555e-38	0.57371	0.094482	2.95203767198757e+50	3.70302498127397e+49
chr21	42218720	42218880	3.9841e-20	0.399117	28	4.3077e-14	3.5071e-24	0.49006	0.090938	8.26499448665079e+31	1.60842800091915e+31
chr21	42218880	42219195	5.3446e-49	0.513046	37	5.1958e-14	4.7047e-53	0.59068	0.077632	1.21967111021295e+93	6.72034492145469e+91
chr21	42539675	42539762	1	0.063974	12	0.44354	0.81844	0.082324	0.01835	817.492999181455	537.647798992727
chr21	42539895	42539982	1	0.11874	12	0.076488	0.40939	0.15488	0.03614	381.144711959653	256.032731480517
chr21	42541144	42541184	1	-0.101327	10	0.12295	0.16401	0.37073	0.47206	6.44511492072442	5.44019078888814
chr21	42735504	42735704	1	-0.068079	10	0.22834	0.65448	0.78516	0.85324	3.2496128081062	2.92579441573922
chr21	42762655	42762749	1	-0.077941	10	0.061943	0.11559	0.75398	0.83192	1.38853096606371	1.35760237479148
chr21	42792398	42792538	1	0.133974	12	0.027078	0.19669	0.15484	0.020862	14513.7207160362	8728.6503251191
chr21	42798189	42798288	4.5548e-30	0.544761	24	4.8073e-14	4.0095e-34	0.63746	0.092702	2.64319142278286e+39	4.43114154112484e+38
chr21	42798816	42798859	5.4605e-12	0.50713	12	4.4298e-14	4.8067e-16	0.59498	0.087845	28994113034983108608	7817873385751600128
chr21	42813467	42813640	1	-0.100575	13	0.37135	0.46918	0.7708	0.87138	7.53429277524393	6.26238403006793
chr21	42879914	42879970	1	0.053287	10	0.032934	0.16377	0.082442	0.029155	8.27751420061146	6.80250580847437
chr21	42880183	42880289	1	0.128538	10	0.03183	0.070161	0.15452	0.025978	185.026821793387	127.761779643968
chr21	42896520	42896631	1	-0.173607	10	0.01754	0.048529	0.58722	0.76083	53.5076127524589	39.0800032177982
chr21	42922623	42922776	1	0.094173	10	0.1213	0.32762	0.65453	0.56035	1.80308916392784	1.72487779339404
chr21	43093284	43093483	1	0.059392	12	0.20036	0.3675	0.67525	0.61586	1.56111494875392	1.51353114023387
chr21	43109546	43109604	3.9586e-06	-0.215517	12	2.4218e-07	3.4847e-10	0.52904	0.74455	3051.96718658138	1917.76601642159
chr21	43145883	43146037	1	0.103647	11	0.030321	0.11566	0.53806	0.43442	3.85852851974486	3.44236835114401
chr21	43146995	43147098	1	-0.10818	10	0.047017	0.38107	0.49455	0.60273	8.95868119253984	7.29927717328861
chr21	43160978	43161118	1.9747e-20	-0.256747	21	4.2966e-14	1.7383e-24	0.61436	0.87111	1354396149535369	438233689650366
chr21	43161126	43161259	2.5302e-31	-0.317721	25	4.2633e-14	2.2273e-35	0.59058	0.9083	3.89399989188463e+26	8.76492355500409e+25
chr21	43161574	43162009	6.811e-26	-0.277779	25	4.5741e-14	5.9956e-30	0.60011	0.87789	21413285048806539264	5798908377812791296
chr21	43162009	43162106	1.6505e-07	-0.344338	11	2.9891e-10	1.4529e-11	0.40231	0.74665	14756211.1506459	7196464.05471123
chr21	43186582	43186646	0.02589	0.177957	17	2.0623e-07	2.279e-06	0.22164	0.04368	2219258.23385519	1142150.48612242
chr21	43186724	43186747	1	0.188978	10	7.2213e-05	0.0005424	0.24733	0.058352	2540.40660373728	1614.1856731836
chr21	43198643	43198708	1	0.17746	10	0.001944	0.0026901	0.30373	0.12627	61.9473881781488	44.973064254274
chr21	43221625	43221765	2.8652e-22	-0.295906	16	4.3965e-14	2.5221e-26	0.62446	0.92037	323460566603204160	94800869461665936
chr21	43228032	43228431	6.5094e-14	-0.207986	12	4.4409e-14	5.7301e-18	0.74483	0.95282	2277943875.94587	985417690.766736
chr21	43236379	43236482	0.0034136	-0.237748	12	1.9377e-07	3.0049e-07	0.51445	0.7522	7163520.83302374	3552367.30641154
chr21	43248887	43248954	1	-0.077176	10	0.48846	0.59549	0.60853	0.68571	1.68268318203525	1.62350323424972
chr21	43255534	43255711	2.2912e-27	-0.232387	32	5.0848e-14	2.0169e-31	0.65038	0.88276	2343441211130105856	667592279372351360
chr21	43256383	43256569	0.0034296	-0.172309	21	1.0083e-09	3.0191e-07	0.7371	0.90941	41412791.7248316	19565480.7328337
chr21	43256581	43256893	1.3173e-08	-0.328403	13	4.2411e-14	1.1596e-12	0.61546	0.94386	21976271826828424	6775802450710288
chr21	43273870	43273968	1	-0.057572	10	0.04778	0.25593	0.90968	0.96726	2.36341413561241	2.21933730671224
chr21	43274690	43274758	0.16955	-0.069456	10	6.8187e-05	1.4925e-05	0.79183	0.86129	2.48767535283087	2.31852509437343
chr21	43279622	43279812	1	-0.12214	14	0.034911	0.13407	0.1608	0.28294	26.4713157138471	19.9233114751347
chr21	43299616	43299655	1	0.073031	12	0.14153	0.61284	0.25259	0.17956	2.59287905780122	2.40137685306326
chr21	43327742	43327878	1.5015e-24	-0.351254	22	4.1966e-14	1.3217e-28	0.56501	0.91626	7.60022176854348e+23	1.79981805069846e+23
chr21	43327878	43327980	1.6997e-06	-0.205144	12	2.7217e-08	1.4963e-10	0.5677	0.77284	953214.975958718	503985.878261878
chr21	43335517	43335650	1	-0.176976	10	0.0097845	0.081605	0.51068	0.68766	42.3059301716736	30.9978972535709
chr21	43371172	43371349	1	0.072466	10	0.24872	0.21945	0.69118	0.61872	5.10279748451451	4.40288270645097
chr21	43373468	43373552	1	0.205502	10	0.00038652	0.0026827	0.27415	0.068649	20770.0302842635	12199.0447507808
chr21	43373574	43373592	0.20185	0.268612	10	4.2904e-06	1.7768e-05	0.31641	0.047796	1297227.46055658	681310.553727252
chr21	43373612	43373648	1	0.210285	10	0.00071096	0.00094097	0.26514	0.054853	16035.4096047165	9587.40785276132
chr21	43373657	43373728	3.0477e-05	0.290913	18	4.0768e-09	2.6829e-09	0.3271	0.036192	502822138645240	169179312768094
chr21	43373728	43373816	1	0.161635	10	0.027486	0.084142	0.21039	0.048752	114340.154816753	63805.2915507322
chr21	43373827	43373939	6.7134e-05	0.228914	31	1.8959e-10	5.9097e-09	0.30722	0.078306	15730885102639	5716968794628.47
chr21	43373940	43373956	1	0.168944	10	0.0059492	0.021843	0.24476	0.075821	7540.21683683569	4605.4548323463
chr21	43374115	43374233	1.1741e-27	0.476686	24	4.0412e-14	1.0335e-31	0.51012	0.033433	6.17395523189095e+45	8.68551732505174e+44
chr21	43429335	43429620	1.4871e-17	0.249369	62	4.6296e-14	1.3091e-21	0.29886	0.049495	3.92988080879921e+35	7.09497824800795e+34
chr21	43429699	43429748	0.00010525	0.316996	12	3.6074e-10	9.265e-09	0.36285	0.04585	9623036900.58428	4027460930.25626
chr21	43429756	43429861	0.50823	0.187067	23	5.8193e-06	4.4738e-05	0.24438	0.057317	605709474.041167	267705125.103775
chr21	43429861	43429978	0.00027707	0.316216	18	3.6033e-11	2.439e-08	0.35724	0.04102	23487828992273	8453415592764.15
chr21	43429990	43430024	0.0034917	0.250818	15	1.1015e-08	3.0736e-07	0.30358	0.052759	333898358.570114	149138657.227683
chr21	43430072	43430438	4.1484e-18	0.294721	55	4.1633e-14	3.6518e-22	0.34337	0.048652	9.40658362847083e+48	1.21304126510175e+48
chr21	43430438	43430682	6.5264e-10	0.211984	64	4.4298e-14	5.7451e-14	0.2815	0.069515	5.5678011501321e+26	1.24019017412087e+26
chr21	43430746	43430884	1.3915e-06	0.227702	38	3.9946e-13	1.2249e-10	0.28561	0.057904	3601712641444545536	1017599937383511808
chr21	43430889	43430947	3.7277e-05	0.254155	19	4.2492e-11	3.2814e-09	0.29677	0.042612	41456309103546.1	14774581439012.9
chr21	43430947	43431140	7.0498e-32	0.303455	68	3.7192e-14	6.2058e-36	0.34464	0.041189	1.01158762657323e+52	1.17405832392439e+51
chr21	43431205	43431471	2.064e-06	0.22309	33	9.4716e-11	1.8169e-10	0.26732	0.044231	82982214573072400	25001675434090980
chr21	43543071	43543161	1	0.067725	10	0.00034833	0.00094081	0.86661	0.79889	2.66890699912692	2.45614536261973
chr21	43580774	43580975	1	0.123564	10	0.25153	0.10049	0.78824	0.66467	8.67165314273077	7.08574705801095
chr21	43585894	43586042	1	-0.165091	10	0.0039736	0.021591	0.6903	0.85539	220.906955894421	151.760229957949
chr21	43638985	43639076	1	0.214774	10	0.0030213	0.026643	0.26046	0.045689	63415.7904549241	35982.6993906017
chr21	43639080	43639154	1	0.152665	12	0.003118	0.028974	0.20367	0.051003	71016.6225334169	40212.2258893791
chr21	43639268	43639368	1	0.111842	10	0.014548	0.083948	0.15043	0.038592	54198904361.0919	21793932234.296
chr21	43639403	43639520	1	0.186906	20	7.2708e-05	0.00017914	0.23147	0.044562	390506.029523884	210131.61494896
chr21	43639732	43639831	1	0.122466	12	0.00060674	0.0037446	0.18243	0.059965	881046.879941393	466861.887143622
chr21	43639852	43640056	1	0.050431	11	0.63803	0.86834	0.095446	0.045016	2.51150833946826	2.3364886885576
chr21	43640066	43640109	1	0.161	10	0.00079479	0.0071591	0.19004	0.029041	17116.6315201384	10153.5938443025
chr21	43654917	43655343	5.7021e-12	0.283607	35	4.0523e-14	5.0195e-16	0.37139	0.087782	6.06245312624329e+69	4.76183305343846e+68
chr21	43721489	43721692	1	-0.136262	14	0.0073049	0.11669	0.67559	0.81185	65.2332338773264	47.1086425186789
chr21	43726165	43726292	1.6231e-10	-0.254079	18	5.5267e-13	1.4288e-14	0.516	0.77008	4580164.66343804	2303506.02651222
chr21	43767935	43767987	1	-0.180788	10	0.00051267	0.026939	0.65055	0.83134	118.970359973588	84.2249590791983
chr21	43797386	43797468	1	0.139926	10	0.061468	0.19106	0.64321	0.50328	8.16352492389369	6.7375399137411
chr21	43886304	43886488	1	-0.084795	11	0.0095436	0.015546	0.61106	0.69586	2.43873397311139	2.27862951532213
chr21	43916429	43916509	0.1241	0.250201	17	6.0957e-06	1.0924e-05	0.30406	0.05386	4833029113.92873	2039730927.33217
chr21	43916524	43916705	0.039247	0.234749	15	9.3625e-08	3.4548e-06	0.25073	0.01598	2.62644394229395e+22	6.46604018618675e+21
chr21	43916705	43916762	2.3694e-05	0.377688	10	1.9593e-10	2.0858e-09	0.43202	0.05433	74576689559.4103	29550903952.0289
chr21	43916762	43916817	0.27924	0.254415	10	1.5478e-06	2.4581e-05	0.30022	0.045805	18055949.3920278	8763379.89249651
chr21	43933390	43933478	1	0.096351	10	0.049337	0.084253	0.83889	0.74254	2.85680406347154	2.59891140888153
chr21	43933696	43933722	1	0.271487	10	3.5327e-05	0.00092057	0.31719	0.045699	1329400.19072106	696649.337927682
chr21	43933981	43933999	1	0.243735	10	2.6985e-05	8.935e-05	0.26411	0.020374	12667792.8000301	6192813.12733006
chr21	43933999	43934032	1	0.083639	13	0.046265	0.1069	0.13569	0.052055	105.043469833554	74.8727194124277
chr21	43934041	43934092	1	0.206973	16	0.00086614	0.00043171	0.24155	0.034579	88477671.7754047	41282665.1425686
chr21	43934111	43934144	1	0.174778	10	0.002059	0.017702	0.23068	0.055898	7775.49614196694	4740.04454141009
chr21	43934179	43934302	1	0.219559	17	3.1821e-06	0.00010139	0.24689	0.027335	895901703743.344	339245311030.598
chr21	43934511	43934634	1	0.204848	10	9.1538e-13	0.0027177	0.21848	0.013636	1970834.30164856	1023539.97143061
chr21	43934634	43934708	1	0.071325	10	0.30272	0.59582	0.1324	0.061076	32.469554320692	24.0190958691168
chr21	43979120	43979150	1	0.17871	10	0.0067361	0.099635	0.75319	0.57448	416.437999727256	278.276271798987
chr21	44000856	44001173	1	-0.107544	17	0.23705	0.3708	0.73437	0.84191	4.16500431760414	3.68649268439757
chr21	44037331	44037440	0.14238	-0.320248	10	3.4244e-07	1.2534e-05	0.30013	0.62038	56360907605.3474	22531148292.4074
chr21	44073315	44073701	8.4219e-70	0.541498	49	4.7073e-14	7.4136e-74	0.58903	0.047532	2.12741114536316e+101	9.22792642185661e+99
chr21	44073706	44073749	1.5906e-16	0.457391	15	4.0634e-14	1.4001e-20	0.53379	0.076394	1.48623396752131e+20	38854651202491400192
chr21	44073749	44073984	3.6739e-76	0.528867	55	4.9738e-14	3.2341e-80	0.58405	0.055185	9.91311072163272e+93	4.99723049273396e+92
chr21	44074032	44074329	4.8494e-37	0.505629	32	4.0634e-14	4.2689e-41	0.56065	0.055022	8.50483382325515e+53	9.57167698748528e+52
chr21	44074334	44074460	5.638e-57	0.541855	34	3.4195e-14	4.9631e-61	0.59265	0.050795	6.67980583630795e+73	4.85519298770332e+72
chr21	44082328	44082396	1	-0.107677	10	0.10798	0.11693	0.5718	0.67947	5.70845889043319	4.86523987496475
chr21	44086647	44086760	1	-0.113466	10	0.14413	0.13989	0.67595	0.78941	31.4577964931099	23.4181720669693
chr21	44106404	44106470	2.3761e-19	-0.363998	16	4.5408e-14	2.0916e-23	0.58396	0.94796	8718015110636697600	2401797832355948544
chr21	44112966	44113030	1	0.116309	10	0.064366	0.25612	0.67087	0.55456	1.03897911736079	1.03167094068533
chr21	44299152	44300006	6.1162e-50	0.42647	51	2.8977e-14	5.384e-54	0.49381	0.067336	1.03327431243927e+94	5.08763436371035e+92
chr21	44313111	44313665	4.373e-94	0.525735	67	4.7184e-14	3.8495e-98	0.57785	0.05212	4.95040339935225e+200	6.38387308240032e+198
chr21	44388392	44388528	1	-0.064124	10	0.29636	0.5956	0.78678	0.85091	4.83878583156296	4.19777434391159
chr21	44394146	44394338	2.3807e-12	0.298234	30	4.1744e-14	2.0957e-16	0.32988	0.031642	7.23665055171336e+25	1.64585018409425e+25
chr21	44394338	44394600	9.2911e-13	0.230755	56	4.1744e-14	8.1788e-17	0.28663	0.05587	1.48250371715676e+29	3.14575818060228e+28
chr21	44394934	44395063	1	0.20372	15	0.00065768	0.00089	0.24655	0.042825	333996495848588	113550977486624
chr21	44395079	44395220	1.7111e-14	0.307693	28	4.674e-14	1.5062e-18	0.34661	0.038919	4.38362693745495e+31	8.58224734531039e+30
chr21	44395222	44395315	1	0.149029	10	0.00010439	0.00052287	0.18903	0.039997	58083.1826806689	33161.2074624686
chr21	44395320	44395365	2.6033e-07	0.257265	20	2.8233e-13	2.2916e-11	0.29262	0.035355	209389002306574	72660193063008.1
chr21	44395370	44395427	6.0302e-08	0.377141	16	2.4687e-12	5.3083e-12	0.40433	0.027187	255478349697418944	75475432735931504
chr21	44395542	44395667	0.0039163	0.231004	18	8.9537e-09	3.4474e-07	0.26235	0.031343	51785597085.1097	20884226725.9997
chr21	44395697	44395780	1.3604e-08	0.332996	15	6.7946e-14	1.1976e-12	0.37032	0.037323	239222245599817	82732195137099.7
chr21	44438931	44439120	1	-0.071004	13	0.015852	0.041476	0.84491	0.91591	6.73172588748916	5.65054599700145
chr21	44458657	44458934	1	-0.114228	12	0.0091126	0.095612	0.83009	0.94431	438.412473085905	292.446303852146
chr21	44477814	44478094	1.732e-11	-0.274715	15	4.5408e-14	1.5246e-15	0.57741	0.85212	4610877172.36737	1956784919.57443
chr21	44478124	44478188	0.12638	-0.146783	10	1.5102e-05	1.1125e-05	0.63709	0.78388	25.6279024234488	19.3486156631899
chr21	44486205	44486355	2.5431e-08	-0.246035	18	1.9714e-10	2.2386e-12	0.47927	0.72531	251262.421325237	136971.894391835
chr21	44495027	44495075	8.5852e-07	0.453231	10	1.8952e-13	7.5574e-11	0.54369	0.09046	18988219436234.4	6878499186162.29
chr21	44495669	44495887	1.8241e-41	0.432979	40	4.8295e-14	1.6057e-45	0.53529	0.10231	8.93390453975057e+51	1.05782457035734e+51
chr21	44495906	44496014	7.3139e-43	0.505424	36	4.4631e-14	6.4383e-47	0.61506	0.10964	1.79534421160234e+56	1.89426704623928e+55
chr21	44496018	44496127	1.1552e-12	0.411149	13	4.2299e-14	1.0169e-16	0.46651	0.055362	3629483371720907776	1021191101070360832
chr21	44496143	44496923	3.3561e-116	0.480261	101	6.2617e-14	2.9543e-120	0.57225	0.091989	1.67414366182045e+207	1.76638838879063e+205
chr21	44527201	44527238	1	0.170553	10	0.0042853	0.039894	0.21842	0.047862	6936.47690473596	4262.00649781211
chr21	44527329	44527397	1	0.241096	10	0.00012005	0.00092807	0.27847	0.037376	164479966.658513	75394685.7719559
chr21	44527543	44527615	1	0.22712	10	2.0855e-05	0.00016731	0.27035	0.043228	3560956.27970079	1803438.58479571
chr21	44527628	44527685	2.1508e-05	0.237818	21	1.3778e-11	1.8933e-09	0.26464	0.026818	89818179806587.1	31904933741378.5
chr21	44527697	44527738	1	0.214712	10	0.00071096	0.0044325	0.23489	0.020181	392694250.876179	174939994.528661
chr21	44527793	44527840	1	0.175399	10	0.0031234	0.017602	0.25032	0.074918	571.75544227541	378.712573136702
chr21	44573687	44573918	1	-0.150961	10	0.0053578	0.021765	0.40382	0.55479	7.16528950720733	5.9808747117604
chr21	44573935	44574004	4.1449e-07	-0.197096	14	2.2141e-12	3.6486e-11	0.63954	0.83663	2793389.73351759	1424530.52060979
chr21	44574246	44574753	4.9716e-45	-0.492745	44	4.2299e-14	4.3765e-49	0.31527	0.80802	2.39514975756959e+55	2.61135905573238e+54
chr21	44581697	44582119	1	-0.116743	10	0.12212	0.29354	0.74489	0.86164	10.4411991565582	8.38478478574717
chr21	44583169	44583378	1	0.098271	10	0.084821	0.10013	0.85984	0.76157	18.1618920160493	14.1164529972341
chr21	44592796	44592883	0.0016724	0.32067	10	2.1745e-07	1.4721e-07	0.45194	0.13127	35693.2331240069	20712.9547437086
chr21	44592949	44593004	0.99368	0.25869	13	2.3675e-07	8.7472e-05	0.46343	0.20474	154457448.079717	70981617.4059193
chr21	44593012	44593241	1	0.112821	14	0.012596	0.020608	0.34162	0.2288	545.085201200003	361.686077232359
chr21	44593261	44593327	0.033004	0.309057	10	9.4323e-08	2.9053e-06	0.46755	0.1585	1005519.70577499	530461.743961014
chr21	44593492	44593616	1	0.165983	12	0.0037161	0.010826	0.37515	0.20917	63.9136334345207	46.2306117574434
chr21	44750731	44750784	1	0.189573	10	0.0058264	0.026686	0.72592	0.53635	189.82433665932	130.851946020727
chr21	44765328	44765484	1	-0.102847	10	0.19706	0.11822	0.63263	0.73547	4.82768106945664	4.19380031942247
chr21	44783408	44783718	1	-0.122799	10	0.10141	0.22154	0.6107	0.7335	2.59533938376216	2.40137685306326
chr21	44784362	44784630	1	0.123817	10	0.019763	0.25372	0.75727	0.63345	4.13285519796753	3.66288221531472
chr21	44787356	44787443	1	-0.127888	10	0.021832	0.058649	0.48479	0.61268	6.86244247832129	5.75222317936661
chr21	44792825	44792983	1	-0.054748	10	0.12378	0.048479	0.71046	0.76521	1.02449810442776	1.01969389291813
chr21	44802728	44803310	1	0.187857	10	0.0022817	0.032775	0.71303	0.52517	61.8742319498319	44.973064254274
chr21	44813183	44813264	0.059872	-0.095319	12	4.1205e-06	5.2705e-06	0.82837	0.92369	18.2902656953444	14.1947900238195
chr21	44819067	44819338	2.0784e-05	-0.235625	30	5.6515e-12	1.8296e-09	0.23362	0.46924	33902397703693924	10373418289172466
chr21	44837407	44837684	1.2639e-06	-0.242482	24	5.4819e-12	1.1126e-10	0.4234	0.66588	17222671430.272	7127318892.01175
chr21	44840130	44840443	4.714e-45	-0.288199	43	4.5963e-14	4.1496e-49	0.58191	0.8701	1.43800897951974e+29	3.068202043055e+28
chr21	44845899	44845945	1	-0.07842	12	0.073934	0.4137	0.13002	0.20844	7.37784325329163	6.1496442591915
chr21	44846548	44846591	1	-0.137758	10	0.0095927	0.039437	0.10198	0.23974	118.946837904894	84.2249590791983
chr21	44847454	44847483	1	-0.15959	10	0.030495	0.048213	0.062905	0.22249	352.679963470006	238.152003468609
chr21	44850379	44850463	1	-0.059286	13	0.16126	0.66706	0.13998	0.19926	1.02679714297805	1.02077840239787
chr21	44851787	44851996	1	0.107511	10	0.072106	0.4825	0.24533	0.13782	12.1161589473581	9.64463297216434
chr21	44863957	44864179	4.4875e-15	-0.370282	25	4.6518e-14	3.9503e-19	0.3451	0.71538	3912591073364172288	1096259398046936704
chr21	44864204	44864343	1	-0.26258	12	8.6842e-05	0.00018941	0.22436	0.48694	33805.2179894765	19656.9614569523
chr21	44864362	44864519	1.5112e-19	-0.371162	31	4.563e-14	1.3303e-23	0.33907	0.71023	5.8701585528788e+21	1.47958275365644e+21
chr21	44867402	44867484	1	-0.070888	10	0.42852	0.22127	0.45127	0.52215	1.34281678206781	1.32077758517573
chr21	44875904	44876037	1	-0.107801	10	0.059597	0.021877	0.6538	0.7616	5.67468285598077	4.85465242188935
chr21	44882451	44882841	1	0.112654	10	0.11177	0.29399	0.70748	0.59482	5.18176880227066	4.46494732669277
chr21	44897762	44897968	1	-0.104733	11	0.099338	0.49782	0.59744	0.70218	2.6962034872393	2.47494411548461
chr21	44905012	44905098	0.00033463	-0.190717	12	5.3587e-07	2.9457e-08	0.53217	0.72288	372.545416238137	251.129676831101
chr21	45077791	45077862	1	0.194748	15	7.0976e-06	0.0032498	0.57317	0.37842	60989.1044582844	34677.2751023071
chr21	45077912	45078184	2.1469e-08	0.178883	60	1.8823e-12	1.8898e-12	0.59066	0.41178	3462298859211150	1091862125589448
chr21	45079420	45079459	1	0.187444	19	1.2724e-06	0.00084218	0.61612	0.42868	179270.63245232	98987.6528546806
chr21	45079504	45079690	1.173e-05	0.210512	42	7.9603e-14	1.0326e-09	0.58174	0.37123	30702938305597.6	10978190132716.6
chr21	45079692	45079946	0.013801	0.203834	29	7.2432e-08	1.2149e-06	0.55297	0.34914	38197746.1985606	18091312.3847813
chr21	45114034	45114095	1	-0.051238	10	0.0063975	0.04001	0.91901	0.97025	7.38663699609061	6.1496442591915
chr21	45122051	45122126	1	0.072168	10	0.18775	0.48281	0.68194	0.60978	1.6976895542235	1.63400131772274
chr21	45138335	45138515	8.9051e-30	0.456005	30	3.7637e-14	7.839e-34	0.49704	0.041037	3.82039168504257e+41	6.00155317462724e+40
chr21	45138518	45138581	1.0506e-06	0.365301	13	1.1443e-11	9.2482e-11	0.44261	0.077309	1700650250515.38	639986788294.767
chr21	45138593	45138739	8.4069e-51	0.466038	50	4.9849e-14	7.4005e-55	0.50994	0.0439	3.11767393679411e+80	2.04677304174056e+79
chr21	45138750	45138876	1.428e-06	0.323102	17	5.0263e-11	1.257e-10	0.39987	0.076766	1816950893930292	581509488913212
chr21	45138878	45139162	3.2758e-67	0.445404	69	4.0745e-14	2.8836e-71	0.49252	0.047113	2.98651892368057e+91	1.71558531372037e+90
chr21	45139162	45139571	1.0081e-38	0.39166	42	3.6304e-14	8.8738e-43	0.44524	0.053581	1.12938204384632e+103	4.63404121156167e+101
chr21	45149332	45149601	7.0218e-17	-0.588423	19	4.1189e-14	6.1811e-21	0.093588	0.68201	1.09048758047955e+45	1.59801814255503e+44
chr21	45163755	45163806	1	-0.082862	10	0.013228	0.056131	0.77331	0.85617	4.21403578244933	3.71613192472906
chr21	45171043	45171303	1	0.072764	10	0.032934	0.16388	0.95178	0.87902	5.55857494335199	4.76356187994174
chr21	45180467	45180579	1	-0.070579	12	0.5926	0.41376	0.66777	0.73835	11.3232303869709	9.05327447117721
chr21	45195984	45196024	1	0.128941	10	0.60873	0.4296	0.13987	0.010934	125701.932647572	69850.7808616052
chr21	45196060	45196109	1	0.077239	12	0.11192	0.50909	0.12618	0.048939	20.3511657368131	15.6528874777141
chr21	45209333	45209759	2.1534e-24	0.248025	84	4.774e-14	1.8956e-28	0.28785	0.03983	4.50137574046658e+55	4.85494218198037e+54
chr21	45217605	45217734	1	-0.121267	12	0.030095	0.081652	0.79719	0.91846	28.4669547844899	21.3251865267164
chr21	45232037	45232315	1	-0.119107	10	0.013874	0.11841	0.54023	0.65933	4.0559033325675	3.59943590006283
chr21	45236898	45236960	1	0.079564	12	0.053622	0.11125	0.57052	0.49095	3.70823470774813	3.31263170844557
chr21	45239651	45239827	1	0.075746	10	0.089872	0.33564	0.59766	0.52192	4.50781334282161	3.9582089024307
chr21	45245716	45246004	1	0.10468	13	0.0083943	0.091949	0.64813	0.54345	12.4613054972645	9.90476568246814
chr21	45249101	45249267	1	-0.125889	10	0.044428	0.22149	0.3318	0.45769	4.72565042804436	4.11070646847469
chr21	45249963	45250166	1	-0.098695	12	0.10068	0.32897	0.35378	0.45247	2.34226939074458	2.20222749282199
chr21	45276562	45276707	1	-0.148562	11	0.017225	0.023205	0.32193	0.4705	19.6392490061117	15.1726437221894
chr21	45284197	45284268	1	0.156355	14	0.0036689	0.0082486	0.50502	0.34866	150.281696824346	104.651029207106
chr21	45284368	45284620	1	-0.059053	10	0.263	0.59508	0.29202	0.35107	2.33075737596586	2.19413619331839
chr21	45284985	45285018	1	0.074057	11	0.14546	0.24135	0.42549	0.35144	4.20964214049653	3.71613192472906
chr21	45285019	45285043	1	-0.160246	10	0.0072371	0.039755	0.29368	0.45392	83.1207589436284	59.6364647989456
chr21	45285108	45285147	1	-0.095454	10	0.082987	0.07021	0.31898	0.41444	1.74683315248247	1.67515770073934
chr21	45285147	45285174	1	-0.180697	10	0.0042853	0.0034756	0.28605	0.46675	43.9367182881783	32.1412804359006
chr21	45285197	45285220	1	0.070333	12	0.082269	0.11154	0.42083	0.35049	3.19269589818137	2.87829208171333
chr21	45285353	45285413	1	0.052887	10	0.46105	0.82153	0.3308	0.27791	1.65893682481285	1.60253686242179
chr21	45285538	45285598	1	-0.078422	10	0.2377	0.38122	0.26545	0.34387	2.7642612238839	2.52769490577895
chr21	45363511	45364174	7.2188e-36	-0.37521	42	4.2855e-14	6.3546e-40	0.43385	0.80906	2.65272876659815e+39	4.43114154112484e+38
chr21	45386633	45386722	1	0.086841	10	0.36221	0.65448	0.83095	0.74411	1.87661989683504	1.78489673257845
chr21	45402512	45402812	6.0003e-28	-0.276135	27	4.0301e-14	5.282e-32	0.61725	0.89339	2.59846587535573e+21	6.67132504927204e+20
chr21	45431865	45431947	1.6347e-18	0.343487	28	4.674e-14	1.439e-22	0.38081	0.037319	2.94320863920377e+25	6.72831986687848e+24
chr21	45431955	45432122	4.142e-14	0.28979	33	4.1633e-14	3.6462e-18	0.34082	0.051027	1.94108533146092e+23	4.68773245346953e+22
chr21	45432122	45432142	2.5876e-06	0.42677	11	2.9649e-11	2.2778e-10	0.4817	0.054933	25911838656.0301	10632055720.5282
chr21	45432148	45432435	0.0018848	0.240471	15	1.7572e-08	1.6591e-07	0.2925	0.052028	291638847.114576	130946868.047928
chr21	45432452	45432944	1.8795e-34	0.332155	69	4.4076e-14	1.6545e-38	0.37676	0.044601	9.39701567613565e+57	9.47413069340758e+56
chr21	45492469	45492626	1	-0.084487	10	0.61831	0.76788	0.81373	0.89821	8.45321088271595	6.92707433413652
chr21	45527036	45527391	6.1401e-23	0.334145	44	4.9294e-14	5.405e-27	0.40957	0.075425	1.64230706186806e+64	1.50175792292741e+63
chr21	45527391	45527749	2.4815e-49	0.451168	49	4.9405e-14	2.1844e-53	0.49902	0.047848	1.58039015511066e+99	7.41097376370765e+97
chr21	45546601	45546765	1	0.071335	12	0.38565	0.71896	0.94748	0.87615	20.1288795122998	15.5273185452442
chr21	45553061	45553269	0.0073326	0.211904	31	9.6864e-09	6.4548e-07	0.283	0.071095	948714939611636	308082108174001
chr21	45553392	45553420	1	0.276461	10	4.4748e-05	0.00016185	0.30614	0.029676	33654307.9025744	16136708.0095579
chr21	45553894	45553946	0.21776	0.299017	12	8.0117e-07	1.9169e-05	0.35861	0.059594	486280626.340359	215491297.487287
chr21	45560806	45560849	0.050283	-0.357347	10	5.4398e-08	4.4263e-06	0.15132	0.50867	89178336.1122076	41505040.3710978
chr21	45566838	45567074	1	-0.136357	10	0.011785	0.058703	0.45883	0.59518	11.5160489438895	9.19393825414855
chr21	45575524	45575652	4.0083e-05	-0.288572	14	4.2197e-10	3.5285e-09	0.11927	0.40785	181910148.83296	82957852.1641517
chr21	45583690	45583723	1	0.096762	10	0.023038	0.084327	0.8777	0.78094	295.521237098029	200.594133973926
chr21	45586708	45587117	0.024516	-0.315775	14	3.0255e-09	2.1581e-06	0.17128	0.48705	814813173777305	266509818855648
chr21	45621560	45621749	1	-0.140661	10	0.011226	0.083868	0.48962	0.63028	17.3810499430322	13.611420119514
chr21	45622746	45622932	1	-0.216236	12	0.00012619	0.0072779	0.31962	0.53586	27550.3253858666	16052.1825519059
chr21	45660210	45660362	2.5958e-31	0.518654	22	4.7184e-14	2.2851e-35	0.56179	0.043139	7.73652131130717e+43	1.17000146442981e+43
chr21	45660577	45660669	1.485e-26	0.542033	16	5.0626e-14	1.3072e-30	0.60336	0.061325	1.16841652556945e+57	1.20540040152535e+56
chr21	45661021	45661089	1.679e-20	0.550494	16	4.1411e-14	1.478e-24	0.63963	0.089134	1.64661817311261e+27	3.64842713620497e+26
chr21	45661106	45661204	2.6171e-19	0.421953	24	4.2633e-14	2.3038e-23	0.52179	0.099834	2.29221588274149e+29	4.8262477441628e+28
chr21	45662109	45662247	6.5947e-35	0.539399	27	3.8858e-14	5.8052e-39	0.62593	0.086535	4.66428738905209e+48	6.17895046849808e+47
chr21	45662257	45662463	1.8144e-12	0.357573	22	4.13e-14	1.5972e-16	0.49295	0.13537	8.16945409947228e+23	1.9250413528651e+23
chr21	45662480	45662836	1.6852e-26	0.494711	21	5.0071e-14	1.4835e-30	0.56229	0.067578	1.40547860559365e+57	1.43348931637336e+56
chr21	45662836	45662970	1.6829e-19	0.421228	23	4.4076e-14	1.4815e-23	0.51246	0.091235	6.23098949356278e+33	1.1614622854355e+33
chr21	45663196	45663426	0.70885	-0.260357	12	1.0195e-05	6.2399e-05	0.07104	0.3314	1055727.33615579	555711.106604867
chr21	45669601	45669697	1	-0.100436	13	0.047284	0.06768	0.63307	0.73351	15.9691083102625	12.5431448626915
chr21	45684317	45684734	1	0.125502	12	0.020369	0.06959	0.75135	0.62585	18.4653360578792	14.3090118807247
chr21	45691258	45691457	1	0.072043	10	0.15771	0.16407	0.68493	0.61289	2.42646990715382	2.27001522380861
chr21	45701932	45702040	1	-0.071662	10	0.084206	0.11843	0.63524	0.7069	2.47606220585798	2.31060435622855
chr21	45710187	45710297	1	-0.134838	10	0.0046189	0.01766	0.43367	0.56851	24.3946772142264	18.4747496839276
chr21	45712308	45712524	1	-0.059188	10	0.52337	0.4716	0.56775	0.62694	2.65945134504457	2.45056126284294
chr21	45713634	45713778	2.4707e-09	-0.270239	30	2.8799e-13	2.1749e-13	0.35686	0.6271	4419479406204311552	1233102108647861760
chr21	45714963	45715123	1	-0.239577	10	0.00072885	0.014114	0.49767	0.73725	456.466250238261	303.954079877294
chr21	45719652	45719823	6.9874e-34	0.447057	29	4.4742e-14	6.1509e-38	0.49657	0.049511	1.82768817746444e+53	2.07837928738629e+52
chr21	45719826	45720103	1.7495e-85	0.542839	60	4.2966e-14	1.5401e-89	0.58487	0.042035	3.03062095931272e+188	4.26347614440242e+186
chr21	45720103	45720398	1.8524e-48	0.517767	36	3.1308e-14	1.6306e-52	0.55002	0.032254	3.95526140652179e+80	2.55028578380655e+79
chr21	45732053	45732142	1	0.08666	13	0.0075773	0.057809	0.91918	0.83252	1.40735946059902	1.37436158344547
chr21	45737480	45737878	4.4856e-08	-0.263072	12	1.3855e-09	3.9486e-12	0.47413	0.7372	10161.2601582848	6134.8757110395
chr21	45738411	45738580	8.7176e-18	-0.327096	12	4.0412e-14	7.6739e-22	0.64417	0.97127	2.63553173782444e+23	6.30303018190136e+22
chr21	45741766	45741887	1	0.056012	13	0.37135	0.80064	0.62921	0.5732	1.87232159272227	1.784522221434
chr21	45742720	45742800	9.1095e-09	-0.274334	10	1.6995e-12	8.0189e-13	0.58112	0.85546	8582095.16392995	4235711.68114245
chr21	45745709	45745850	1	0.07131	10	0.18098	0.33457	0.78638	0.71507	1.88408373998081	1.78910648227955
chr21	45790032	45790120	1	0.152732	10	0.0075383	0.11868	0.58663	0.43389	14.7577284063044	11.6781555384003
chr21	45811362	45811439	0.00010952	-0.259867	18	2.952e-08	9.6405e-09	0.3312	0.59107	3609705.83714344	1823895.9153679
chr21	45845199	45845496	1.1259e-05	-0.214152	30	7.6771e-10	9.9108e-10	0.33563	0.54978	56763078222.7297	22625377017.2662
chr21	45845496	45845579	0.0014615	-0.292077	17	2.6594e-10	1.2865e-07	0.29273	0.58481	274766947.424144	124015562.436454
chr21	45847619	45847772	1	0.060197	12	0.34178	0.29224	0.7619	0.7017	8.74130394408065	7.13241212787824
chr21	45855141	45855341	1	-0.085563	11	0.31016	0.66097	0.64256	0.72812	2.57246432756859	2.3854856777336
chr21	45860468	45860618	1	-0.097248	13	0.027459	0.10621	0.55283	0.65008	2.83231262034689	2.58328161621323
chr21	45883632	45883902	5.0798e-38	-0.45575	42	4.7073e-14	4.4716e-42	0.18133	0.63708	9.13295006301988e+56	9.52910381721887e+55
chr21	45905329	45905538	1	0.113935	12	0.012929	0.024018	0.57636	0.46243	15.5060671695714	12.2157996927925
chr21	45926607	45926953	3.8742e-10	-0.491843	17	4.13e-14	3.4104e-14	0.19142	0.68327	3.03964023637102e+21	7.7683654341018e+20
chr21	45927819	45928036	1	-0.134151	10	0.0076153	0.04876	0.37013	0.50428	32.3241336614088	23.9494167338926
chr21	45999698	45999797	1	-0.11082	10	0.029717	0.058834	0.42559	0.53641	5.67464150316363	4.85465242188935
chr21	46143489	46143565	1.6421e-13	0.414274	18	4.5075e-14	1.4455e-17	0.51462	0.10035	1.23862182404427e+21	3.22361131228403e+20
chr21	46169949	46170100	1.9538e-19	-0.310011	27	4.1522e-14	1.7199e-23	0.49301	0.80302	314576117778030	108054868123051
chr21	46170225	46170411	1	0.064523	19	0.79511	0.56161	0.68764	0.62312	6.0153849390232	5.11272459647341
chr21	46221398	46221622	5.5353e-05	0.258143	26	1.8759e-10	4.8726e-09	0.31434	0.0562	205285588122355	71476928103563.1
chr21	46221630	46221730	0.00014974	0.221986	29	2.2085e-10	1.3181e-08	0.2922	0.070212	358441228381980	121441400940671
chr21	46222183	46222342	0.0013398	0.232762	28	2.2997e-09	1.1794e-07	0.28166	0.048898	171295711084991	60244681507030.8
chr21	46237415	46237499	1	0.11473	10	0.072648	0.25461	0.17037	0.055644	10.9053395214765	8.74472711921449
chr21	46237534	46237573	1	0.157906	12	0.036769	0.19833	0.22931	0.071402	5399.325923963	3329.47882298304
chr21	46237900	46237933	1	0.141041	10	0.052578	0.070619	0.22011	0.079067	3910.09714970463	2438.65379090605
chr21	46237988	46238140	1	0.068408	12	0.22119	0.71885	0.16565	0.097237	862.194431732603	566.036203716598
chr21	46238141	46238249	1	0.114356	12	0.0010172	0.0037499	0.18558	0.071225	407.742219559702	272.943502190609
chr21	46238671	46238720	1	0.155619	17	2.1821e-06	0.0061494	0.24019	0.084572	2604.2835951721	1651.72031065429
chr21	46253498	46253549	1	0.13713	11	0.0038791	0.028321	0.63074	0.49361	139.734879390136	97.9618497951951
chr21	46264818	46264858	1	0.104147	10	0.031023	0.19123	0.66893	0.56478	5.90118755760101	5.02258167270613
chr21	46292673	46293118	1.3214e-18	0.329298	41	4.019e-14	1.1632e-22	0.3892	0.059897	3.77435337939284e+31	7.43366198989446e+30
chr21	46293474	46293513	6.8611e-11	0.366865	15	4.5963e-14	6.0397e-15	0.39923	0.03237	15082679397583382528	4119887807311756288
chr21	46293539	46294052	1.4046e-11	0.270678	35	4.2966e-14	1.2365e-15	0.32832	0.05764	1.2468208285107e+37	2.14868302216967e+36
chr21	46294055	46294127	7.0071e-11	0.395599	15	4.5075e-14	6.1682e-15	0.44959	0.053996	863133562959310336	246898697962569440
chr21	46294183	46294518	3.0031e-33	0.35774	56	4.0523e-14	2.6436e-37	0.40163	0.043886	8.97491379413712e+55	9.57464425869259e+54
chr21	46306545	46306702	6.6574e-13	-0.252337	20	4.1633e-14	5.8604e-17	0.64028	0.89262	25023165934.8551	10296754095.1162
chr21	46340496	46340636	1	0.088906	10	0.13059	0.48291	0.24303	0.15412	6.35954433786435	5.37541789871067
chr21	46352716	46352765	1	0.083165	10	0.017703	0.084474	0.13623	0.053063	15.0829492907633	11.9178286306852
chr21	46352774	46353178	0.069413	-0.279456	10	5.658e-06	6.1103e-06	0.14741	0.42686	653.123302056249	431.842370878926
chr21	46353589	46353868	0.00029757	-0.253273	12	1.1497e-07	2.6195e-08	0.23431	0.48759	384113813086514	129689071710335
chr21	46360116	46360145	1	0.073076	10	0.20426	0.37935	0.10044	0.027363	378.224664758159	254.514604421082
chr21	46369497	46369728	1	0.108495	12	0.013408	0.095798	0.77617	0.66768	22.0741191920641	16.8984757707126
chr21	46372125	46372190	1	-0.076546	10	0.09721	0.3793	0.72465	0.80119	1.38591261949974	1.35666710115156
chr21	46376481	46377289	8.7086e-24	-0.06538	39	4.2522e-14	7.666e-28	0.88415	0.94953	21089.3461774519	12361.8676303938
chr21	46386664	46386813	1	0.07331	10	0.50358	0.59554	0.81615	0.74284	2.75534679574893	2.52600374475459
chr21	46386854	46387231	1	-0.070635	11	0.1283	0.15571	0.59303	0.66367	1.69350579166762	1.63195986020021
chr21	46392244	46392292	4.5617e-08	-0.32787	10	7.7605e-14	4.0156e-12	0.58928	0.91715	10145947739.2257	4234416641.45879
chr21	46404707	46405195	1	0.193208	12	6.9897e-05	0.0072739	0.75375	0.56054	21.0475672733781	16.1619654912809
chr21	46418750	46418835	1	0.066869	13	0.032883	0.10645	0.62539	0.55852	2.27743536239591	2.14660964990189
chr21	46421232	46421358	6.3399e-05	-0.336575	14	4.85e-11	5.5809e-09	0.16661	0.50319	552811996631036	183406559257425
chr21	46421362	46421495	2.2986e-13	-0.573027	15	4.3077e-14	2.0234e-17	0.18993	0.76296	3.28116602277967e+24	7.61630565662806e+23
chr21	46441932	46442016	1	-0.091401	10	0.48632	0.29337	0.73091	0.82231	5.29723706467291	4.55823212833519
chr21	46452881	46453004	1	-0.092875	10	0.21669	0.25462	0.53236	0.62523	6.05869134122251	5.14242969641863
chr21	46453342	46453420	1	0.120933	10	0.0057059	0.070359	0.64045	0.51952	22.5378413460991	17.1742050116816
chr21	46492208	46492636	2.1e-29	-0.466583	32	5.0071e-14	1.8486e-33	0.3411	0.80768	2.9237639277521e+35	5.31281839157768e+34
chr21	46494292	46494326	0.0007504	0.349838	14	2.1398e-08	6.6056e-08	0.37865	0.028815	116545905268.952	45907882966.4335
chr21	46494406	46494435	0.054824	0.285825	13	4.5168e-07	4.826e-06	0.34301	0.05718	3128946907.67313	1338881150.41113
chr21	46494437	46494512	1	0.182802	14	0.00056558	0.0067944	0.25685	0.07405	5879591.96130319	2943242.4003241
chr21	46494543	46494695	1.9219e-12	0.227849	56	4.4631e-14	1.6918e-16	0.27588	0.04803	4.6385680552174e+29	9.67954412460371e+28
chr21	46494701	46494729	0.00049199	0.362609	10	1.1185e-09	4.3309e-08	0.38118	0.018572	402989057409.325	154959449976.856
chr21	46494729	46494941	1	0.178934	14	2.9468e-05	0.00030963	0.21319	0.034258	897165588448449	292393943245802
chr21	46494944	46495055	3.5765e-11	0.31353	25	4.2633e-14	3.1483e-15	0.35	0.036471	1.94674288093558e+30	4.01672622561152e+29
chr21	46495069	46495349	0.0085766	0.182192	36	1.0358e-07	7.5498e-07	0.25037	0.068174	3985960301047.64	1462609113983.48
chr21	46495349	46495404	4.0797e-06	0.325073	17	1.0069e-11	3.5912e-10	0.36876	0.043682	1859558100465293	592965771777913
chr21	46513186	46513299	1	-0.113493	10	0.0058264	0.058727	0.51932	0.63281	17.6007964786557	13.7216056955523
chr21	46520905	46521163	2.586e-31	-0.277557	34	4.7518e-14	2.2764e-35	0.56771	0.84527	1.27332240869694e+21	3.29899475172361e+20
chr21	46553660	46554394	6.1656e-89	-0.286155	80	4.9516e-14	5.4275e-93	0.60366	0.88982	1.18370862650431e+73	8.74251388860155e+71
chr21	46650006	46650163	1	-0.140003	12	0.017472	0.041707	0.73388	0.87388	215.444745082637	148.260334541041
chr21	46677279	46677381	1	0.059622	11	0.33327	0.39946	0.44872	0.38909	1.18868545341974	1.17614363738132
chr21	46677404	46677482	1	-0.114	12	0.037477	0.069586	0.26769	0.38169	40.7629688265201	29.9151447660042
chr21	46677782	46677836	1	-0.221939	12	0.00013585	0.0024047	0.34974	0.57168	997.100137846615	653.433736291041
chr21	46685308	46685373	8.8929e-23	-0.341361	16	4.563e-14	7.8282e-27	0.5042	0.84557	73877212480.5322	29360345874.4436
chr21	46686925	46687104	3.7181e-32	-0.291306	33	3.9191e-14	3.273e-36	0.57179	0.8631	9.61060721565677e+23	2.25336628737556e+23
chr21	46706782	46706898	0.00025701	0.351072	15	6.2937e-10	2.2624e-08	0.60472	0.25365	646751784580973	213056566784588
chr21	46707769	46707957	1	0.130902	39	0.00033435	0.0004392	0.18326	0.052357	37982883.5480632	18034077.1828436
chr21	46707979	46708030	1	0.235804	10	1.038e-05	0.00030268	0.268	0.032193	625127.390256876	332717.274532968
chr21	46708043	46708119	1	0.166582	15	0.00047247	0.0048056	0.20297	0.036392	2036479.25242734	1052857.38607322
chr21	46708229	46708334	1	0.117639	13	0.060098	0.21215	0.20588	0.088237	2865.94342517409	1807.59386019186
chr21	46714650	46714893	0.015391	-0.220452	22	1.1663e-07	1.3549e-06	0.19454	0.41499	42511961.3988362	20034945.4658056
chr21	46723200	46723255	1	-0.106012	10	0.0023876	0.048421	0.56565	0.67166	15.9449982303097	12.5429001319318
chr21	46729620	46729837	1	-0.056639	11	0.28546	0.66164	0.505	0.56163	1.48443570965215	1.44615014621446
chr21	46739223	46739340	1	0.100283	10	0.02031	0.070544	0.63611	0.53583	4.63048378472731	4.04420916720028
chr21	46749499	46749637	1	0.125926	10	0.0069469	0.0024687	0.54902	0.4231	32.2633788675003	23.9422260529047
chr21	46768010	46768068	1	0.097116	10	0.040269	0.16264	0.51598	0.41887	4.52341023105487	3.96660123426617
chr21	46777763	46777877	1	0.082498	10	0.15373	0.25587	0.62473	0.54223	4.0082103942245	3.56180947106937
chr21	46783279	46783363	1	-0.050217	10	0.22053	0.16347	0.53859	0.5888	1.23141320822379	1.214089692985
chr21	46824612	46825737	1.4572e-218	0.53366	156	3.5305e-14	1.2828e-222	0.58251	0.04885	Inf	Inf
chr21	46825741	46825775	1.8286e-07	0.36542	13	4.9483e-13	1.6097e-11	0.45152	0.086105	1489445290025551	478438463618993
chr21	46825775	46826014	8.4359e-116	0.54162	76	4.563e-14	7.426e-120	0.59077	0.04915	9.34680596292578e+156	1.75321096608221e+155
chr21	46826014	46826201	3.9516e-28	0.477256	27	4.5075e-14	3.4785e-32	0.54949	0.072238	2.39308205480228e+41	3.7874100515628e+40
chr21	46829872	46830020	1	-0.101967	16	0.037234	0.26994	0.64224	0.74421	4.61391047317845	4.0351432743155
chr21	46835429	46835529	1	-0.21435	12	7.3013e-05	0.00091901	0.54773	0.76208	8.19592196748039	6.75466956991643
chr21	46837078	46837302	1	0.146248	12	0.0090437	0.12815	0.77405	0.6278	9.18428338951352	7.46155731410653
chr21	46838139	46838224	1	-0.100863	10	0.029208	0.185	0.5451	0.64596	2.9254061483542	2.64418304851241
chr21	46847581	46847752	1	-0.229283	10	0.00021621	0.00022638	0.24244	0.47172	1363777.61073214	713065.433044004
chr21	46854725	46854893	1	-0.050147	10	0.32067	0.76941	0.36803	0.41818	1.35859074696262	1.33310721595277
chr21	46859298	46859607	7.9648e-60	0.598453	55	5.0848e-14	7.0113e-64	0.67007	0.071612	1.25043713093707e+93	6.7432717494848e+91
chr21	46874766	46875509	0.93135	-0.231573	15	9.148e-07	8.1985e-05	0.21433	0.44591	446805971.559547	198522231.208755
chr21	46876301	46876725	6.1382e-26	-0.389316	56	4.0745e-14	5.4034e-30	0.28242	0.67174	8.31186800862471e+48	1.08161471155609e+48
chr21	46878734	46878946	1	-0.116146	14	0.011074	0.13395	0.6223	0.73844	37.5663229231915	27.613229159251
chr21	46887507	46887645	1	-0.120296	12	0.13261	0.2906	0.65556	0.77586	4.95356595271707	4.29154189807493
chr21	46888905	46889125	7.1083e-15	-0.131357	12	4.0412e-14	6.2573e-19	0.80525	0.93661	5141.51830337034	3176.53006550547
chr21	46895102	46895169	0.58156	-0.221111	13	2.0924e-07	5.1194e-05	0.61982	0.84093	1520.82921907488	984.170842824538
chr21	46895532	46895642	1	-0.201015	10	0.00038652	0.0070689	0.6356	0.83661	2172.26626734407	1385.3609020342
chr21	46910439	46910560	0.015595	-0.209357	13	1.9913e-07	1.3728e-06	0.47381	0.68317	15217.6028281033	9134.12971628241
chr21	46912506	46913319	1.361e-15	-0.230968	32	4.1411e-14	1.198e-19	0.58842	0.81939	526637292947092	175957360480564
chr21	46913431	46913500	0.70639	-0.165168	10	0.00033935	6.2182e-05	0.46463	0.6298	33.3455761150864	24.6280339419747
chr21	46913764	46914040	1.5225e-10	-0.25019	14	4.4964e-14	1.3402e-14	0.5687	0.81889	1491331315.42773	652129637.34413
chr21	46914828	46915167	2.2732e-08	-0.233284	17	6.2139e-13	2.0011e-12	0.52837	0.76166	1539471.04854673	803123.817823321
chr21	46929463	46929905	1.0364e-17	-0.178154	43	4.341e-14	9.1237e-22	0.56017	0.73832	2268185296.63156	983855286.932799
chr21	46936718	46936864	1	0.069564	10	0.19236	0.25535	0.7038	0.63424	1.59114393885109	1.54077947654279
chr21	46951003	46951151	0.14309	-0.15446	10	0.0022559	1.2596e-05	0.39661	0.55107	28.5769162349944	21.3740592707226
chr21	46951167	46951532	1.29e-63	-0.296308	55	5.4623e-14	1.1356e-67	0.57991	0.87622	1.42792764163371e+45	2.05902813506384e+44
chr21	46951592	46952035	1.5055e-99	-0.304608	83	2.2982e-14	1.3252e-103	0.59834	0.90295	1.64081896740242e+78	1.11567995438852e+77
chr21	46955648	46955950	1	-0.083682	10	0.54809	0.42958	0.59181	0.67549	2.39597698639185	2.24429731785121
chr21	46957410	46957808	1.3348e-42	-0.267313	52	5.0515e-14	1.175e-46	0.56898	0.83629	1.15207527875515e+31	2.32305917873253e+30
chr21	46961702	46961738	1	0.169418	10	0.0014188	0.01132	0.28695	0.11753	4213.7089000169	2613.19109977601
chr21	46961744	46962197	3.9621e-17	0.247221	60	4.4742e-14	3.4877e-21	0.3321	0.084877	4.00534002743872e+39	6.57382888442463e+38
chr21	46962200	46962246	0.00018111	0.318494	11	4.6707e-09	1.5942e-08	0.42782	0.10933	240564820.310638	109142538.640348
chr21	46962246	46962277	0.0052316	0.367877	10	8.9106e-09	4.6053e-07	0.44503	0.077154	5798182768.24679	2440266839.15662
chr21	46962290	46962355	1	0.197881	10	0.00011196	0.00054196	0.26439	0.066505	22405.9825380993	13107.3684484309
chr21	46962365	46962403	5.4863e-07	0.424969	10	6.0366e-12	4.8295e-11	0.47059	0.045625	12407005425213034	3839917271109310
chr21	46962407	46962992	4.7485e-32	0.272208	82	4.5963e-14	4.1801e-36	0.36205	0.089847	7.36722233672631e+69	5.70031271071438e+68
chr21	46973015	46973159	0.0020775	-0.264741	12	4.0257e-09	1.8288e-07	0.54365	0.80839	79829.8742430315	44921.8518600881
chr21	46975747	46975815	4.5545e-13	0.544932	16	4.4298e-14	4.0092e-17	0.70644	0.16151	1.18887483324391e+24	2.77357669185859e+23
chr21	47009909	47009965	1	-0.067524	11	0.21289	0.18231	0.44347	0.51099	2.07645729633622	1.96447952889018
chr21	47009967	47010409	1.8321e-21	0.277488	53	4.563e-14	1.6128e-25	0.46587	0.18838	3.05230412965649e+33	5.72530669103211e+32
chr21	47010759	47010952	1.3504e-13	0.259004	44	4.5519e-14	1.1887e-17	0.48185	0.22285	60566789771716059136	16047004089575415808
chr21	47010955	47011083	1.036e-14	0.349103	29	4.5852e-14	9.1201e-19	0.50235	0.15325	4.02571433510735e+21	1.02412662452321e+21
chr21	47061209	47061374	1	0.151316	11	0.0034961	0.083686	0.42475	0.27344	93.3142176077986	66.6217567680532
chr21	47062094	47062280	8.0245e-42	0.455895	39	4.0523e-14	7.0638e-46	0.54161	0.085713	7.43339801359681e+63	6.88438971950935e+62
chr21	47062280	47062525	3.1727e-36	0.432289	36	4.1633e-14	2.7929e-40	0.5214	0.08911	2.77778417895354e+65	2.40980104621995e+64
chr21	47062528	47062663	1.5783e-23	0.431465	26	4.7518e-14	1.3893e-27	0.50768	0.076211	7.79782382570529e+32	1.47180496593031e+32
chr21	47063135	47064244	1.8269e-187	0.480578	161	6.3394e-14	1.6082e-191	0.57087	0.090293	Inf	Inf
chr21	47204832	47205029	1	0.087332	10	0.054265	0.381	0.79022	0.70289	1.74366260507741	1.67416139924783
chr21	47222210	47222486	1	0.114826	12	0.0043807	0.019906	0.78434	0.66952	1.69828299566885	1.63400131772274
chr21	47290480	47291042	1	0.122021	10	0.012369	0.02486	0.71263	0.59061	10.9414719232665	8.76087376739861
chr21	47295115	47295141	1	-0.239139	10	2.1175e-05	0.0019986	0.22703	0.46617	2802.60497204015	1774.21651219423
chr21	47315818	47316031	1	-0.135991	16	0.017537	0.15188	0.63586	0.77186	157.524719711848	109.32547956555
chr21	47334245	47334416	2.8073e-18	-0.560982	21	4.3854e-14	2.4712e-22	0.1305	0.69148	2.3769020241822e+32	4.59775889789054e+31
chr21	47343817	47344215	2.3565e-35	-0.301507	38	4.1411e-14	2.0744e-39	0.56621	0.86771	4.67849164189695e+26	1.04758722579404e+26
chr21	47344773	47344867	3.3551e-07	-0.293209	10	5.7065e-14	2.9534e-11	0.65284	0.94605	4717802961.22537	1996631733.88319
chr21	47392531	47393195	4.6773e-33	0.325	61	4.0745e-14	4.1173e-37	0.43907	0.11407	7.56970211578132e+47	1.02053428290135e+47
chr21	47393195	47393962	8.4542e-60	0.418135	78	5.0071e-14	7.442e-64	0.51716	0.099028	3.04899715057339e+92	1.71573110466029e+91
chr21	47393962	47394639	1.2821e-71	0.385746	83	3.5749e-14	1.1286e-75	0.48766	0.10192	2.67826343823831e+88	1.56990822874461e+87
chr21	47399248	47399370	3.8359e-26	-0.59636	24	3.9413e-14	3.3767e-30	0.12549	0.72185	2.85290646126581e+39	4.71582427946634e+38
chr21	47401929	47401998	1	-0.103396	10	0.099994	0.38128	0.27546	0.37886	2.83455542844724	2.58328161621323
chr21	47409042	47409397	0.76853	-0.241633	16	1.355e-06	6.7652e-05	0.43946	0.68109	18360.9628553241	10848.6814526182
chr21	47414069	47414286	1	-0.159266	13	0.017203	0.092041	0.64307	0.80233	4.59885590109694	4.02736853237915
chr21	47419327	47419559	1	0.052078	10	0.98639	0.53792	0.72945	0.67737	0.943275096408842	1
chr21	47421864	47422196	6.1831e-18	-0.214343	36	4.2522e-14	5.4429e-22	0.59188	0.80622	21420848936201.5	7734608994548.72
chr21	47422196	47422236	0.00072572	-0.121432	10	1.487e-05	6.3884e-08	0.61289	0.73432	36.6542367469739	26.9857686718635
chr21	47422252	47422644	8.8301e-12	-0.254084	18	4.1411e-14	7.773e-16	0.56865	0.82273	34276445683.3931	13943642030.6418
chr21	47422722	47422880	8.8241e-20	-0.259553	25	4.2411e-14	7.7677e-24	0.59936	0.85891	19472672447731216384	5296201650496649216
chr21	47422911	47423206	3.4571e-12	-0.191157	28	4.3743e-14	3.0432e-16	0.58137	0.77252	247134006.949398	111833208.30301
chr21	47423209	47423309	0.00012604	-0.27544	11	1.7799e-10	1.1095e-08	0.50481	0.78025	76360.0164064481	43058.8134718658
chr21	47423636	47424102	9.6799e-17	-0.240038	31	4.2855e-14	8.5211e-21	0.58039	0.82043	2519451959841.66	939256416447.419
chr21	47426504	47426607	1	-0.094428	12	0.06592	0.1976	0.66064	0.75506	3.30369641477003	2.96815957963548
chr21	47453608	47453713	5.8939e-09	-0.23606	22	4.2411e-14	5.1882e-13	0.571	0.80707	3729373599.65066	1591432579.45233
chr21	47457367	47457578	1.5471e-09	-0.202229	15	4.341e-14	1.3619e-13	0.63295	0.83518	21381207.4075128	10327148.2437225
chr21	47469156	47469267	1	-0.125376	10	0.11646	0.18889	0.58171	0.70709	7.76156814830434	6.43309341248672
chr21	47501241	47501583	1	-0.11429	12	0.013703	0.049655	0.65426	0.76855	9.26383372166126	7.50446553536686
chr21	47517246	47517540	1	-0.056217	10	0.32401	0.86968	0.26776	0.32398	0.835617509545926	1
chr21	47517783	47518081	9.8505e-29	0.310238	64	4.9516e-14	8.6712e-33	0.39552	0.08528	7.61798630626264e+47	1.02053428290135e+47
chr21	47518093	47518127	1	0.19727	10	0.00053259	0.0071993	0.28669	0.089419	15503.8077868028	9287.74417239887
chr21	47518130	47518165	0.0053696	0.349914	10	9.4664e-09	4.7268e-07	0.41004	0.060128	1445228882.55722	633664246.279487
chr21	47518166	47518366	1	0.190273	13	0.00011268	0.00066645	0.31698	0.12671	2602779545247488512	738420457151104512
chr21	47518413	47518852	1.1114e-16	0.300354	47	4.4742e-14	9.7836e-21	0.38096	0.080609	6.78122933144198e+44	1.00168217557056e+44
chr21	47518852	47518898	1.2033e-07	0.425421	12	1.6409e-13	1.0592e-11	0.48666	0.061241	1396786270504480	450312103621022
chr21	47532121	47532215	5.4538e-06	-0.243616	10	3.9989e-08	4.8009e-10	0.48029	0.72391	182623.847352367	100411.00165095
chr21	47532557	47532774	2.8755e-21	-0.267445	23	4.0079e-14	2.5312e-25	0.55767	0.82511	3545545565358.69	1305159797799.1
chr21	47537599	47537755	1	0.107105	10	0.043003	0.29388	0.77338	0.66628	6.65352392588648	5.5927041674802
chr21	47549168	47549390	6.2712e-12	-0.201881	26	4.452e-14	5.5204e-16	0.56019	0.76207	7957594195.74759	3339764035.261
chr21	47551985	47552605	1.6677e-95	-0.296329	97	1.7875e-14	1.468e-99	0.5737	0.87003	7.53007144436495e+107	2.82488026048861e+106
chr21	47565568	47565944	4.224e-44	-0.610247	45	4.7296e-14	3.7183e-48	0.10666	0.71691	3.07570184319335e+99	1.40624117097938e+98
chr21	47565947	47566233	1.7382e-27	-0.518243	35	4.9849e-14	1.5301e-31	0.10132	0.61956	3.79707074876563e+54	4.22885956779291e+53
chr21	47573848	47574034	1	-0.146078	10	0.03737	0.25607	0.63578	0.78186	31.7600056202929	23.6059127353642
chr21	47575547	47575688	1	0.085557	10	0.26886	0.77003	0.49884	0.41328	1.59998097560643	1.54746108426178
chr21	47580684	47580740	1	-0.17806	10	0.0031234	0.011098	0.57969	0.75775	108.244476946304	77.027429667534
chr21	47580755	47580821	1	-0.109349	12	0.007582	0.049744	0.601	0.71035	5.00442082961791	4.32973337896602
chr21	47581034	47581138	1	-0.170537	14	8.275e-05	0.0019778	0.63264	0.80318	226.82653084036	155.56098539462
chr21	47581491	47581539	1	-0.18632	13	5.2956e-06	0.00032336	0.67478	0.8611	9042.12186475121	5480.39508098051
chr21	47581633	47581936	0.010323	-0.173845	25	6.9988e-08	9.0871e-07	0.62912	0.80297	91146477.9366046	42314191.3984706
chr21	47600155	47600304	1	0.098505	13	0.64494	0.21017	0.72962	0.63112	3.30096495623085	2.96815957963548
chr21	47601028	47601060	5.011e-08	-0.244198	10	6.1294e-10	4.4111e-12	0.5729	0.8171	22888.8286731557	13362.9972792867
chr21	47602491	47602543	5.607e-07	-0.271664	10	2.0783e-13	4.9358e-11	0.61549	0.88716	10815418.7365675	5312614.83074067
chr21	47602548	47602692	4.7033e-25	-0.34977	21	4.3299e-14	4.1403e-29	0.56516	0.91493	29526216194690192	9069013649482802
chr21	47645254	47645341	1	-0.106705	14	0.30255	0.19788	0.66987	0.77657	7.95989123928244	6.58813975959367
chr21	47648252	47648506	5.2326e-20	0.380776	33	4.6629e-14	4.6062e-24	0.44396	0.063179	6.12389481722256e+42	9.47660159288837e+41
chr21	47648582	47648854	2.7128e-15	0.312895	43	4.2522e-14	2.388e-19	0.37581	0.062914	1.09533889813238e+46	1.51524021078101e+45
chr21	47649157	47649442	2.6346e-38	0.364209	64	3.7192e-14	2.3192e-42	0.4135	0.049291	5.29797545099326e+64	4.65824336253803e+63
chr21	47704035	47704253	1	-0.227838	13	3.7958e-05	0.0011056	0.23897	0.46681	59369.3810461676	33825.9310532679
chr21	47705662	47706016	6.8203e-83	0.524395	61	5.6732e-14	6.0038e-87	0.5873	0.062901	5.36084407763443e+111	1.88540823363462e+110
chr21	47706029	47706398	2.9647e-91	0.521611	70	3.3085e-14	2.6098e-95	0.58252	0.06091	1.47012967161189e+138	3.61931103210429e+136
chr21	47742891	47743082	1.4378e-33	0.53226	23	4.0856e-14	1.2656e-37	0.57258	0.040324	2.21456930368256e+43	3.40103843824638e+42
chr21	47743761	47743821	1	0.086873	12	0.059333	0.32959	0.12626	0.039387	22.845974637133	17.355441459393
chr21	47743885	47743947	1	0.077679	10	0.27183	0.71219	0.13347	0.055788	1480.22761247989	959.631734702669
chr21	47744003	47744061	1	0.135833	10	0.0042394	0.026906	0.16207	0.02624	6924.74579549281	4262.00649781211
chr21	47744556	47744761	1	0.140996	19	0.023809	0.044396	0.18053	0.039534	98317.2887923135	55094.5651145672
chr21	47772211	47772355	1	0.072709	14	0.069914	0.1009	0.9453	0.87259	144.741507357703	100.962716152208
chr21	47790688	47790824	1	-0.067198	10	0.85379	0.87183	0.88406	0.95125	9.11042759110193	7.41223534375702
chr21	47795937	47796326	1	-0.148801	10	0.032934	0.026807	0.81117	0.95997	1103.18131171982	721.659052684241
chr21	47808741	47809069	6.2538e-48	-0.284274	47	4.6851e-14	5.5051e-52	0.60044	0.88471	7.11454227837699e+34	1.30947612861101e+34
chr21	47813578	47813968	1	-0.084329	10	0.072106	0.32452	0.47306	0.55739	3.96205551745592	3.53008463454454
chr21	47831565	47831643	3.9608e-21	-0.182609	17	4.3521e-14	3.4866e-25	0.76688	0.94949	230622298018.937	89761550928.8241
chr21	47831686	47831874	3.5958e-39	-0.153272	32	4.1522e-14	3.1653e-43	0.78074	0.93401	2234699944340.95	835720143311.564
chr21	47833119	47833240	4.4064e-05	-0.21065	14	5.9955e-12	3.8789e-09	0.59638	0.80703	321529.596038803	174523.098436068
chr21	47849218	47849283	1.3289e-23	-0.251431	15	4.1966e-14	1.1698e-27	0.72811	0.97954	684465504964816640	197395679040263648
chr21	47856006	47856085	0.0041535	-0.10238	12	7.4953e-07	3.6563e-07	0.78149	0.88387	34.1494876361071	25.1817441068128
chr21	47878474	47878729	6.1458e-28	0.308262	57	4.674e-14	5.41e-32	0.35629	0.048032	2.26528834461515e+45	3.23992002395133e+44
chr21	47878738	47878805	1.181e-19	0.392133	30	4.3299e-14	1.0396e-23	0.43429	0.042153	5.99109245798921e+34	1.10972169796283e+34
chr21	47878814	47878850	0.0087041	0.249182	15	4.3301e-06	7.662e-07	0.33567	0.086483	62079947.2380617	29111346.8877194
chr21	47878850	47879217	2.4013e-31	0.340722	59	4.5963e-14	2.1139e-35	0.39036	0.049641	1.88380512179877e+60	1.85509531337745e+59
chr21	47879217	47879543	2.629e-24	0.342955	41	4.5297e-14	2.3142e-28	0.37711	0.034152	1.25485832109081e+41	2.00071197735463e+40
chr21	47886935	47886982	1	0.136738	10	0.045522	0.040199	0.35354	0.2168	17.2288510493283	13.5124283141859
chr21	47918542	47918652	1.1775e-09	-0.283685	15	4.1633e-14	1.0365e-13	0.54929	0.83298	30592015446.9658	12480681565.7024
chr21	48017719	48017897	1	-0.058101	10	0.31571	0.91283	0.79202	0.85012	1.19666182741157	1.18263296659784
chr21	48055456	48055525	2.8733e-22	0.539118	15	4.3299e-14	2.5293e-26	0.61394	0.074819	1.08277190156838e+29	2.32294558015256e+28
chr21	48068556	48068640	6.8188e-08	-0.241557	10	2.6583e-08	6.0024e-12	0.4894	0.73096	2036.72073784232	1303.69228940435
chr21	48081656	48081836	9.8154e-29	-0.510611	30	4.1633e-14	8.6403e-33	0.099164	0.60978	3.2088502378318e+44	4.81515627716847e+43
chr21	48087205	48087631	1.4722e-50	0.484734	41	5.4734e-14	1.296e-54	0.52847	0.04374	2.97060997424557e+112	1.00993774036485e+111
chr21	48087978	48088074	8.5621e-24	0.548117	19	5.0293e-14	7.537e-28	0.61529	0.067174	1.5660124468714e+36	2.77219084967857e+35
chr21	10990612	10991007	6.5449e-22	-0.460757	36	4.0412e-14	5.7613e-26	0.23819	0.69895	1.17714534557229e+76	8.14203697406393e+74
chr21	11092307	11092475	1	-0.104565	12	0.0054054	0.08173	0.5607	0.66526	5.67262810393371	4.85465242188935
chr21	14751587	14751884	1	-0.135341	10	0.016284	0.19116	0.50517	0.64051	8.24892335210454	6.7886801795749
chr21	17102373	17102423	7.5943e-06	0.259929	22	5.0626e-14	6.6851e-10	0.31774	0.057809	1804498428154.06	676951344676.785
chr21	27107234	27107302	1	0.153613	10	0.0046685	0.03995	0.19465	0.041036	2851.5672180895	1801.86955515855
chr21	27542128	27542265	0.05526	0.171147	26	3.755e-07	4.8644e-06	0.23104	0.059888	146723841.158335	67599612.6321521
chr21	33246029	33246078	0.39673	0.256647	12	3.5905e-06	3.4924e-05	0.38145	0.1248	29048490768.4655	11885021428.1295
chr21	33246084	33246232	9.447e-06	0.439852	10	1.0912e-11	8.3161e-10	0.45584	0.015987	89405286579547216	26832067250133748
chr21	33246240	33246581	1.5708e-05	0.304271	15	1.2137e-10	1.3828e-09	0.35989	0.055617	4.76254759048726e+47	6.47661805974821e+46
chr21	34399329	34399446	1	0.176784	16	1.2562e-12	0.0004235	0.26958	0.092795	608275.923724516	324461.366113312
chr21	34775843	34775919	9.5529e-18	0.338861	26	4.3632e-14	8.4092e-22	0.39394	0.055077	4.64012012941737e+24	1.07163383997095e+24
chr21	34851895	34851992	0.033643	0.26566	17	3.1117e-07	2.9615e-06	0.34538	0.079719	1.49568170227022e+23	3.64714881679023e+22
chr21	35013977	35014144	5.7129e-37	0.558428	26	4.341e-14	5.0289e-41	0.6258	0.067369	3.35843188355106e+51	4.01594433906457e+50
chr21	35445730	35445760	1	0.149444	14	0.0001558	0.0012718	0.19174	0.042299	1585.36571319824	1024.07562482091
chr21	35747811	35747854	0.00013821	0.344396	10	1.7093e-09	1.2167e-08	0.41118	0.066782	1440550587.57732	633301840.963066
chr21	38352995	38353076	1.326e-06	0.317611	16	1.3115e-11	1.1673e-10	0.43752	0.11991	44198909425.3557	17876463952.8109
chr21	38378540	38378748	3.9115e-06	0.293999	16	9.5421e-11	3.4432e-10	0.4937	0.1997	50528287188192903168	13446566461570678784
chr21	38936067	38936348	3.1112e-40	0.506576	35	4.0301e-14	2.7387e-44	0.54099	0.034412	3.97989609254835e+96	1.91296295186967e+95
chr21	39288409	39288473	5.7661e-14	0.401693	17	4.0856e-14	5.0758e-18	0.47456	0.072863	4912885996343376896	1365010528878523392
chr21	40720783	40720870	0.0022231	0.207074	30	1.4955e-09	1.957e-07	0.26248	0.055407	241131742428.286	93569292782.8403
chr21	42539839	42539916	1	0.129813	10	0.011336	0.083937	0.18116	0.051343	28.4048422931722	21.3119567029662
chr21	43639560	43639780	1	0.130904	10	0.0023876	0.01754	0.15003	0.019122	17306.3803796441	10245.8641169054
chr21	43655015	43655061	0.00039293	0.335559	11	1.2438e-09	3.4589e-08	0.42182	0.086264	1.3839262201709e+20	36342259474593292288
chr21	43655062	43655175	0.0083615	0.239401	12	1.7081e-07	7.3605e-07	0.29382	0.054415	201673553163634	70455707904763
chr21	44313271	44313476	4.7256e-58	0.550599	37	2.9976e-14	4.1599e-62	0.61387	0.063271	1.0707362956158e+70	8.15918630891286e+68
chr21	44395016	44395106	0.055577	0.245045	13	4.6518e-14	4.8924e-06	0.26864	0.023599	10750287572219355136	2949082405509178880
chr21	44495580	44495646	1.8982e-17	0.44203	16	4.2299e-14	1.671e-21	0.50843	0.066403	2.03354617881225e+23	4.88718601004117e+22
chr21	44527414	44527469	1	0.083116	11	0.016018	0.082355	0.13913	0.056015	262.46024657192	178.768350830347
chr21	45209498	45209585	0.13316	0.283654	11	7.5297e-07	1.1722e-05	0.3102	0.026547	199135668808287	69802538069962.4
chr21	45527321	45527363	1.1083e-13	0.410814	18	4.3854e-14	9.7565e-18	0.45538	0.044571	1.60415182404018e+23	3.892842058339e+22
chr21	45662683	45662817	1.11e-09	0.461379	10	4.9405e-14	9.7713e-14	0.53914	0.077764	1.00501168385556e+28	2.17968536357888e+27
chr21	45719889	45720080	2.0149e-60	0.550792	38	3.8636e-14	1.7737e-64	0.5957	0.044911	1.62652856562589e+137	4.19503264288037e+135
chr21	45759064	45759096	1.3484e-16	0.573134	10	4.6185e-14	1.187e-20	0.62624	0.053103	1.11032018997254e+22	2.75952966323773e+21
chr21	46824863	46824902	1.1999e-24	0.533562	16	4.3632e-14	1.0562e-28	0.56474	0.031176	1.54162366838228e+31	3.07240355949575e+30
chr21	46962355	46962441	7.1927e-07	0.253471	19	4.0246e-13	6.3316e-11	0.37522	0.12175	8.42170650878388e+27	1.83638617893763e+27
chr21	47063308	47063409	1.9529e-23	0.581313	14	4.1522e-14	1.7191e-27	0.63292	0.051605	4.50620031192785e+52	5.17711172999917e+51
chr21	47063774	47063878	1.503e-12	0.440558	15	4.5297e-14	1.3231e-16	0.51706	0.076497	1.81350501683652e+40	2.93392370836389e+39
chr21	47416439	47416573	1	-0.080771	10	0.09315	0.43042	0.65648	0.73725	2.77245458644217	2.53193683802866
chr21	47518218	47518301	0.0086907	0.318433	12	4.4966e-08	7.6503e-07	0.37167	0.053241	461524612465.917	176926785787.052
chr21	47648723	47648863	8.5755e-10	0.295849	20	4.6074e-14	7.5488e-14	0.34622	0.050372	5.42021907745681e+30	1.112002741565e+30
chr21	47744385	47744425	1	0.143749	12	0.017227	0.11156	0.16953	0.025782	123819.398932019	68949.8411403388
