chr	start	end	strand	pvalue	qvalue	meth.diff
chr7	123340001	123341000	*	6.9357612246492e-18	5.3883797884464e-18	-9.93893893893895
chr21	9647001	9648000	*	1.24840072884902e-121	1.46804588922317e-121	31.4759103108808
chr21	9825001	9826000	*	1.72359603507025e-281	2.56268092709965e-281	-17.3561107990289
chr21	9826001	9827000	*	2.54872214682242e-51	2.57567359629162e-51	-5.08296933829628
chr21	9880001	9881000	*	4.86418734878347e-12	3.2432980937478e-12	6.84951233685431
chr21	9882001	9883000	*	7.18738449046781e-15	5.23782306358966e-15	-5.70181221291919
chr21	9913001	9914000	*	5.56195575305204e-28	4.96178372508417e-28	-10.2927897688419
chr21	9926001	9927000	*	0	0	47.8642605049384
chr21	9968001	9969000	*	2.18644778171508e-12	1.47741520360532e-12	-7.37458207166288
chr21	10937001	10938000	*	2.7320207631494e-05	1.23998787499169e-05	5.69795352859677
chr21	10990001	10991000	*	0	0	48.4338472508695
chr21	10991001	10992000	*	0	0	49.7943064689924
chr21	11106001	11107000	*	9.39138686027337e-314	1.49056330337357e-313	36.2382457495114
chr21	15036001	15037000	*	9.94427100970951e-07	5.00516191291664e-07	7.43619315047886
chr21	15067001	15068000	*	2.40649159345264e-06	1.17467243551569e-06	5.23571987263305
chr21	15095001	15096000	*	2.09953263687149e-127	2.49157769880232e-127	16.8971339279727
chr21	15134001	15135000	*	0	0	29.9504932588174
chr21	15135001	15136000	*	0	0	38.3462803785842
chr21	15198001	15199000	*	5.59004788708552e-12	3.71769900766098e-12	-7.75245628169599
chr21	15308001	15309000	*	1.04893054363259e-17	8.10047009905548e-18	5.77656216702931
chr21	15352001	15353000	*	2.86882315481178e-148	3.55112361128211e-148	-19.3064646370975
chr21	15383001	15384000	*	7.79425047101618e-08	4.26306069284095e-08	8.56961791232368
chr21	15436001	15437000	*	0	0	30.0386622319787
chr21	15444001	15445000	*	2.01238766362676e-19	1.62186578686579e-19	-5.22222902938214
chr21	15458001	15459000	*	3.1062136478068e-05	1.39999901361395e-05	-5.6059405713236
chr21	15755001	15756000	*	0	0	-46.2241454727239
chr21	16661001	16662000	*	1.54852529419844e-07	8.24848980988218e-08	-5.46319714429467
chr21	17102001	17103000	*	0	0	-26.2838345799034
chr21	18883001	18884000	*	4.76392469649611e-06	2.26972560460324e-06	-6.35393255112936
chr21	18885001	18886000	*	0	0	-52.0773100983563
chr21	18984001	18985000	*	0	0	-40.8436367535835
chr21	18985001	18986000	*	0	0	-45.5830256267819
chr21	19117001	19118000	*	1.08753718809613e-14	7.9031898937458e-15	6.85936025097918
chr21	19191001	19192000	*	0	0	-50.9668239830757
chr21	19617001	19618000	*	0	0	-43.8938804223732
chr21	19791001	19792000	*	8.52935875943406e-11	5.46189460312586e-11	-6.11576977887216
chr21	20556001	20557000	*	2.18361868029431e-28	1.95473215335699e-28	14.1489131205725
chr21	20865001	20866000	*	2.40826183202191e-07	1.26633000824801e-07	5.72877144339592
chr21	21132001	21133000	*	2.18898840939735e-11	1.43006762425987e-11	-6.60010341906824
chr21	21259001	21260000	*	1.69820507769748e-08	9.65577277166992e-09	7.74056434680186
chr21	21496001	21497000	*	3.81297306126836e-23	3.2772195726435e-23	-10.0272867767797
chr21	22171001	22172000	*	0.000380645957086263	0.000157058693037121	-6.95686417060463
chr21	22278001	22279000	*	6.47496141195346e-13	4.49093377969912e-13	-9.0725627359538
chr21	22370001	22371000	*	0	0	-41.5687857055557
chr21	22397001	22398000	*	5.73812899775854e-09	3.32101687773912e-09	8.13891315359948
chr21	22854001	22855000	*	1.05696261426658e-16	7.94894481929621e-17	-8.62385454890144
chr21	23068001	23069000	*	4.12574382385496e-07	2.13899619069597e-07	-6.52061855670104
chr21	24393001	24394000	*	1.04907401874635e-10	6.66837509446579e-11	6.19982307679469
chr21	25229001	25230000	*	3.69699149569698e-19	2.96110786464614e-19	-7.58322240190114
chr21	25512001	25513000	*	3.61499857171804e-07	1.881741833198e-07	5.08517160091738
chr21	25927001	25928000	*	1.50275024678952e-07	8.0491120983693e-08	-7.97418488359875
chr21	26332001	26333000	*	1.21903134074647e-07	6.55659100342259e-08	-6.06511168058113
chr21	26934001	26935000	*	0	0	-49.4715350375662
chr21	26979001	26980000	*	0	0	-50.2596805608453
chr21	27011001	27012000	*	2.30449069960925e-32	2.13687468948956e-32	-10.4567103734907
chr21	27012001	27013000	*	2.7036299180015e-32	2.49802920129341e-32	-12.9840847181189
chr21	27107001	27108000	*	0	0	-15.1430734352774
chr21	27108001	27109000	*	5.23658088056799e-217	7.16793915413956e-217	-15.8109146085735
chr21	27151001	27152000	*	3.00391474875632e-24	2.59911031874415e-24	-6.08503968883268
chr21	27152001	27153000	*	1.33406542222164e-06	6.64994523149415e-07	5.4881957473421
chr21	27207001	27208000	*	7.55381134385133e-16	5.61558737195858e-16	-18.3094070961718
chr21	27376001	27377000	*	1.25168264439921e-14	9.07056443662168e-15	-5.85374381168916
chr21	27542001	27543000	*	0	0	-14.7369934886421
chr21	27543001	27544000	*	0	0	-14.7760572549547
chr21	28217001	28218000	*	2.88762470184834e-280	4.24459618134404e-280	-8.85918655467141
chr21	28218001	28219000	*	1.3974850967226e-106	1.57877412982483e-106	-13.6944952509748
chr21	28338001	28339000	*	0	0	-45.0226012321911
chr21	28340001	28341000	*	0	0	-48.0205735922911
chr21	28515001	28516000	*	7.22677811528648e-188	9.53887039212093e-188	31.66338980936
chr21	28516001	28517000	*	1.72968553779352e-288	2.58660045506901e-288	27.2026001528057
chr21	28843001	28844000	*	8.17142868317243e-08	4.45053974340051e-08	-5.67647800031609
chr21	30365001	30366000	*	0	0	-46.2258449679833
chr21	30391001	30392000	*	0	0	-43.9503909932309
chr21	30396001	30397000	*	7.03895317584363e-82	7.71621591935046e-82	-12.2907261341385
chr21	30670001	30671000	*	1.12455073128865e-203	1.50740531374702e-203	-14.37168286
chr21	30671001	30672000	*	0	0	-15.4524210329504
chr21	30747001	30748000	*	9.58994922863075e-07	4.84567904915733e-07	-7.01937799220926
chr21	31311001	31312000	*	0	0	-50.5463273002172
chr21	32469001	32470000	*	4.63540330226051e-15	3.38760341772226e-15	-9.19460021696444
chr21	32499001	32500000	*	3.55186271554219e-37	3.40330369885765e-37	16.5093045678616
chr21	32596001	32597000	*	0.00730358953121432	0.00259545364459788	6.48154725204786
chr21	32624001	32625000	*	1.87442304442346e-146	2.27665021168364e-146	22.7248275750181
chr21	32843001	32844000	*	9.14361499505362e-26	7.96470656917014e-26	-13.2320198829804
chr21	32929001	32930000	*	2.47343680533952e-21	2.06417932415623e-21	-13.1059097822959
chr21	32930001	32931000	*	0	0	-22.861183057196
chr21	32931001	32932000	*	0	0	-26.4498074298898
chr21	33026001	33027000	*	2.54189089285109e-36	2.42658725810508e-36	-9.12733182775702
chr21	33032001	33033000	*	1.1180661049747e-86	1.24142320547152e-86	-5.08532420397272
chr21	33103001	33104000	*	5.45031452622962e-80	5.89972763812987e-80	-6.86016059305546
chr21	33104001	33105000	*	5.02058953033716e-120	5.87720366794613e-120	-5.05652066683313
chr21	33113001	33114000	*	5.36276136936782e-18	4.17886832762098e-18	13.7375770923487
chr21	33245001	33246000	*	0	0	-35.1884693376183
chr21	33246001	33247000	*	0	0	-34.6111898324687
chr21	33286001	33287000	*	7.90988844433016e-09	4.55755917383593e-09	-6.74379875214717
chr21	33370001	33371000	*	9.21887701283903e-16	6.814253334858e-16	-9.90786953668319
chr21	33419001	33420000	*	0.000703124067026201	0.000282458334975136	5.34452438820519
chr21	33627001	33628000	*	7.80904850502981e-32	7.16402859484277e-32	16.8301554993332
chr21	33632001	33633000	*	3.52993642860049e-26	3.09565936686575e-26	-14.4108917657626
chr21	33650001	33651000	*	2.34998336697618e-83	2.58705239608825e-83	-15.3643055172897
chr21	33697001	33698000	*	2.14368202908091e-21	1.80060291646397e-21	-15.3770559854964
chr21	33765001	33766000	*	0	0	-18.6578519080302
chr21	33784001	33785000	*	0	0	-51.5954089669827
chr21	33785001	33786000	*	0	0	-55.2358251371828
chr21	33984001	33985000	*	0	0	-37.0847513474694
chr21	34099001	34100000	*	0	0	-50.043451893545
chr21	34100001	34101000	*	0	0	-54.059103485709
chr21	34143001	34144000	*	0	0	-52.89116083526
chr21	34392001	34393000	*	0	0	-55.1470868298678
chr21	34395001	34396000	*	2.72370872618995e-105	3.05040132472674e-105	-9.84911079824323
chr21	34398001	34399000	*	1.16781860806843e-147	1.43868062481232e-147	-10.5125215063316
chr21	34399001	34400000	*	2.50517282910338e-147	3.05710341618995e-147	-10.661279501462
chr21	34400001	34401000	*	2.51370174123083e-42	2.4540091098305e-42	-7.0232521972569
chr21	34442001	34443000	*	0	0	-50.9065488306576
chr21	34443001	34444000	*	0	0	-47.4814068774105
chr21	34482001	34483000	*	3.49109011124332e-32	3.21412703293298e-32	10.5018642571114
chr21	34638001	34639000	*	0	0	-44.3375062695359
chr21	34639001	34640000	*	2.95312185959904e-277	4.31634749004449e-277	-40.1215609548943
chr21	34697001	34698000	*	4.41485027676646e-66	4.64289830370948e-66	-14.3595864796467
chr21	34775001	34776000	*	0	0	-35.8890265683701
chr21	34776001	34777000	*	0	0	-37.2553298761164
chr21	34852001	34853000	*	0	0	-34.707253032114
chr21	34863001	34864000	*	0	0	-34.2137842070192
chr21	34864001	34865000	*	0	0	-37.5329547068677
chr21	34882001	34883000	*	5.72281401149105e-14	4.0786017881934e-14	-7.31615257091834
chr21	34914001	34915000	*	0	0	-35.1440240061082
chr21	34915001	34916000	*	0	0	-33.8562441978496
chr21	34960001	34961000	*	0	0	-51.510467590737
chr21	34961001	34962000	*	0	0	-53.1458446389937
chr21	35014001	35015000	*	0	0	-30.4223514028606
chr21	35015001	35016000	*	0	0	-13.6436928474121
chr21	35062001	35063000	*	4.74824412925956e-19	3.77970562979313e-19	7.57603914057395
chr21	35287001	35288000	*	1.76165319932834e-83	1.94765871282037e-83	-20.3382787279346
chr21	35446001	35447000	*	0	0	-24.6609043878008
chr21	35526001	35527000	*	9.25452115170815e-28	8.22752597235396e-28	10.7410081968252
chr21	35574001	35575000	*	1.25454610359943e-155	1.57553372586977e-155	-31.5234338388771
chr21	35747001	35748000	*	0	0	-31.0108746822422
chr21	35780001	35781000	*	0.000201277832643476	8.5363931936821e-05	-13.5977229601518
chr21	35986001	35987000	*	0	0	-24.5030534108887
chr21	35987001	35988000	*	0	0	-24.1830231472019
chr21	36041001	36042000	*	0	0	-55.1935053728574
chr21	36042001	36043000	*	0	0	-57.5141518875713
chr21	36093001	36094000	*	6.21873841501405e-05	2.74544641440579e-05	-12.9364306579496
chr21	36094001	36095000	*	0.0111394427374266	0.00387867106313425	-6.60858581455586
chr21	36164001	36165000	*	0	0	27.8432634001948
chr21	36259001	36260000	*	0	0	-53.2535781881807
chr21	36261001	36262000	*	4.3567772808441e-230	6.02742827834372e-230	-5.65796956475428
chr21	36262001	36263000	*	6.13322456731978e-275	8.86429364134032e-275	-7.47214201212257
chr21	36871001	36872000	*	3.85469743199289e-08	2.14459673353319e-08	6.32112171937662
chr21	37277001	37278000	*	8.23904797272636e-05	3.59443501929011e-05	-6.26640618844967
chr21	37432001	37433000	*	0	0	-43.160211010031
chr21	37442001	37443000	*	0	0	-33.4573329869983
chr21	37456001	37457000	*	7.78332387321923e-05	3.40710815499988e-05	-6.38665183936291
chr21	37462001	37463000	*	8.89232091341697e-10	5.37501470863853e-10	10.760151844368
chr21	37507001	37508000	*	0	0	-35.9868778288863
chr21	37528001	37529000	*	2.76512821489044e-259	3.93053967364706e-259	-17.0148217702923
chr21	37529001	37530000	*	0	0	-17.3262792174883
chr21	37565001	37566000	*	1.21087589223235e-05	5.5939670548078e-06	-8.27914193200215
chr21	37691001	37692000	*	2.56955014904205e-12	1.722178217859e-12	-6.63966825908772
chr21	37692001	37693000	*	0	0	-14.4322946542122
chr21	37726001	37727000	*	2.66401418771974e-07	1.39797019640373e-07	8.06096137521223
chr21	37757001	37758000	*	0	0	-25.6215811565259
chr21	37794001	37795000	*	4.10574005537598e-08	2.27594465850288e-08	-5.78385991733197
chr21	37922001	37923000	*	0.0313974302346074	0.010373866160568	-5.34416068416304
chr21	38026001	38027000	*	1.52252350129311e-05	7.02116925315877e-06	5.9256829507036
chr21	38065001	38066000	*	3.97086467941131e-259	5.61361076166478e-259	-19.3759827681954
chr21	38077001	38078000	*	0	0	-27.6418395865011
chr21	38221001	38222000	*	0.00309195277427726	0.00116435232168538	-6.68966811882213
chr21	38256001	38257000	*	2.42091571768407e-11	1.57363822550438e-11	10.7068375219579
chr21	38338001	38339000	*	0	0	-36.5135144223207
chr21	38339001	38340000	*	0	0	-31.7624953853414
chr21	38355001	38356000	*	1.59074653115698e-11	1.04186677294443e-11	5.11955545446668
chr21	38362001	38363000	*	0	0	-33.5134464340494
chr21	38378001	38379000	*	0	0	-35.3900434735429
chr21	38379001	38380000	*	6.59550383963737e-122	7.79134008305842e-122	-15.6781141280496
chr21	38443001	38444000	*	0	0	48.3543891361571
chr21	38445001	38446000	*	0	0	-30.0456022964862
chr21	38593001	38594000	*	0	0	-22.5306903015397
chr21	38639001	38640000	*	0	0	-23.0833205283648
chr21	38640001	38641000	*	0	0	-21.9243032449665
chr21	38647001	38648000	*	1.49798080393722e-10	9.45215184785402e-11	-5.48894818540241
chr21	38732001	38733000	*	1.03419413659003e-10	6.58998363595149e-11	-7.08643195693973
chr21	38936001	38937000	*	0	0	-41.2761711897411
chr21	39039001	39040000	*	6.91922286882825e-129	8.2872772220551e-129	28.6862681960535
chr21	39135001	39136000	*	5.80220117870744e-05	2.57032614828166e-05	5.87496533394622
chr21	39288001	39289000	*	0	0	-39.2881114217256
chr21	39840001	39841000	*	2.93260623199512e-08	1.64217741951676e-08	-8.92131726563754
chr21	39916001	39917000	*	4.30022409636351e-07	2.22055564741347e-07	9.25596737035672
chr21	40032001	40033000	*	0	0	-56.595842785982
chr21	40033001	40034000	*	0	0	-57.5106357293337
chr21	40106001	40107000	*	2.07811401453016e-08	1.17384888492227e-08	5.57154357731584
chr21	40116001	40117000	*	7.11986775525762e-18	5.51485069097125e-18	9.31226500195692
chr21	40177001	40178000	*	2.674485611581e-296	4.1681225193995e-296	-12.4805325868581
chr21	40178001	40179000	*	6.7991111943584e-277	9.8818996657533e-277	-10.8673445195794
chr21	40357001	40358000	*	3.4198489413323e-07	1.78374818925956e-07	-5.10993346477993
chr21	40374001	40375000	*	3.45528939363007e-10	2.13853540064888e-10	9.13560735282912
chr21	40394001	40395000	*	3.04245756260568e-20	2.47517384834049e-20	12.9628904236296
chr21	40395001	40396000	*	1.35772844767829e-28	1.21963176914758e-28	-19.8934169100038
chr21	40406001	40407000	*	0.000165168507686299	7.03958167983199e-05	-5.89893972182419
chr21	40429001	40430000	*	1.78752795713769e-06	8.77506872102618e-07	8.20422868858108
chr21	40454001	40455000	*	5.85553997751545e-08	3.2231267978535e-08	-7.91079199757881
chr21	40488001	40489000	*	3.24071325993667e-09	1.90112343419448e-09	9.68008272478778
chr21	40555001	40556000	*	0	0	-47.9667286921203
chr21	40684001	40685000	*	0	0	-57.0061265140368
chr21	40685001	40686000	*	0	0	-52.9174207123928
chr21	40707001	40708000	*	1.10823045040871e-48	1.11559164783506e-48	-10.5922840715884
chr21	40720001	40721000	*	0	0	-24.2805880473973
chr21	40721001	40722000	*	1.59612600550704e-280	2.35959476208055e-280	-23.7881210392128
chr21	40752001	40753000	*	8.88413067055071e-292	1.35199260091587e-291	-16.1121398199476
chr21	40768001	40769000	*	1.43921315446144e-10	9.10353592454267e-11	-5.50522329337273
chr21	40817001	40818000	*	0	0	-25.4640005452856
chr21	40900001	40901000	*	4.32330644655861e-07	2.22802778198836e-07	12.2319688109162
chr21	41033001	41034000	*	0.00363065874525057	0.00135147782549751	-5.12690909232622
chr21	41257001	41258000	*	8.62497427551912e-10	5.22562489401254e-10	10.4830639198389
chr21	41516001	41517000	*	7.38578733968079e-319	1.18680496918818e-318	32.8215313281301
chr21	42056001	42057000	*	6.08442204966571e-17	4.60258188717691e-17	-12.9330570215233
chr21	42103001	42104000	*	1.85009034590112e-06	9.047853571484e-07	7.8488427019367
chr21	42129001	42130000	*	6.7928916199138e-07	3.45938797759543e-07	11.6854676230984
chr21	42206001	42207000	*	4.06983180948501e-13	2.83036092930728e-13	8.49759483873059
chr21	42218001	42219000	*	0	0	-48.8244577268645
chr21	42219001	42220000	*	0	0	-47.2617170376443
chr21	42571001	42572000	*	5.7127244421149e-12	3.78954411840053e-12	10.7042648709315
chr21	42576001	42577000	*	0.00019225890979192	8.16728068466366e-05	-8.01633841471118
chr21	42581001	42582000	*	8.4390412261965e-05	3.67548760135601e-05	6.62693307962148
chr21	42595001	42596000	*	0.000464208942781535	0.00018912462328037	5.20011374059887
chr21	42621001	42622000	*	4.43399261442282e-15	3.24958991732038e-15	-11.8530373872429
chr21	42646001	42647000	*	0.00692189937068776	0.00247340374298304	6.12846336200831
chr21	42754001	42755000	*	4.31141015907987e-15	3.16872810475069e-15	14.7318206653898
chr21	42798001	42799000	*	0	0	-38.8039353398596
chr21	42801001	42802000	*	9.34159121049652e-06	4.37814438009137e-06	5.10050073931405
chr21	42879001	42880000	*	3.37372883484008e-170	4.32082922881902e-170	-6.07269821263275
chr21	42904001	42905000	*	9.80958105277958e-05	4.25806707890629e-05	-6.34639497783976
chr21	42922001	42923000	*	2.19751998958747e-43	2.16165003546159e-43	-17.6927338611636
chr21	42937001	42938000	*	2.37916286202724e-13	1.6680386308133e-13	13.3705098523017
chr21	43026001	43027000	*	1.02639450236418e-12	7.04338236330174e-13	-8.32130660880136
chr21	43059001	43060000	*	2.22252442407167e-11	1.44831935346724e-11	-8.60250989994614
chr21	43085001	43086000	*	7.71536766193133e-07	3.92145415961942e-07	5.7029880786327
chr21	43090001	43091000	*	8.57625011631766e-23	7.27454604997928e-23	7.80954185992748
chr21	43093001	43094000	*	2.43588420488693e-38	2.35141965383549e-38	14.2294416385095
chr21	43108001	43109000	*	3.94545391041388e-09	2.3093140809342e-09	7.47632813225596
chr21	43132001	43133000	*	9.24816393326131e-13	6.36320585264037e-13	-8.9208397541663
chr21	43161001	43162000	*	0	0	31.6293895659788
chr21	43181001	43182000	*	3.20774489439624e-27	2.83230814063072e-27	5.33710187406116
chr21	43186001	43187000	*	5.67487989061529e-39	5.4986200491218e-39	-6.7601490896461
chr21	43188001	43189000	*	1.51742464637218e-17	1.16489164772004e-17	-11.109831902595
chr21	43236001	43237000	*	4.5634529922863e-106	5.13303285192951e-106	21.2419139298219
chr21	43256001	43257000	*	1.30209925961353e-132	1.57412282815166e-132	18.0051129878235
chr21	43274001	43275000	*	5.27144732333662e-22	4.44221724888281e-22	8.04871092584214
chr21	43300001	43301000	*	0.000797378622017946	0.000317854372182897	6.6708214344547
chr21	43335001	43336000	*	1.51594669591263e-10	9.542241582667e-11	10.0878981527737
chr21	43343001	43344000	*	1.78533057446516e-10	1.12106224068846e-10	7.23840015264434
chr21	43350001	43351000	*	2.18722287502358e-12	1.47741520360532e-12	12.7442887532371
chr21	43368001	43369000	*	1.64540486954047e-20	1.34283240986107e-20	-23.1022410631356
chr21	43373001	43374000	*	0	0	-27.2968773021213
chr21	43393001	43394000	*	1.59396351184646e-12	1.08233498940616e-12	9.68037032360144
chr21	43396001	43397000	*	1.46116897209142e-06	7.24166177352157e-07	5.58484940507412
chr21	43429001	43430000	*	0	0	-24.5937913417054
chr21	43430001	43431000	*	0	0	-24.7495204679008
chr21	43431001	43432000	*	0	0	-24.5815627061363
chr21	43458001	43459000	*	2.78981425060153e-17	2.12904033212375e-17	-11.3912020071467
chr21	43637001	43638000	*	8.79026716374943e-19	6.93324472154308e-19	11.9802557365322
chr21	43639001	43640000	*	0	0	-13.4877319519955
chr21	43655001	43656000	*	0	0	-26.6682204161354
chr21	43680001	43681000	*	2.10275021900799e-10	1.31400084441594e-10	11.9157899848845
chr21	43689001	43690000	*	7.49768554965197e-06	3.54607726806794e-06	-8.70340632835973
chr21	43692001	43693000	*	2.23140152334814e-16	1.66843743259157e-16	10.4891049858417
chr21	43708001	43709000	*	5.31294662165888e-23	4.55131409706084e-23	-8.47830166549378
chr21	43714001	43715000	*	3.4157217929743e-13	2.381863556363e-13	5.80160913415747
chr21	43767001	43768000	*	2.58373387274909e-08	1.44995709697515e-08	-5.43081263083107
chr21	43791001	43792000	*	4.90445843897537e-17	3.73181787103491e-17	8.47066005570839
chr21	43795001	43796000	*	5.27527790926824e-20	4.27821847985105e-20	9.61769366201974
chr21	43897001	43898000	*	1.0537882866289e-06	5.29364040347926e-07	10.7008497294959
chr21	43916001	43917000	*	0	0	-26.3591781028232
chr21	43933001	43934000	*	1.48059144007434e-47	1.47891688948104e-47	8.27153243840508
chr21	43934001	43935000	*	0	0	-16.5661237356197
chr21	43946001	43947000	*	0.000395401650786473	0.000162628303382682	-5.21901002982532
chr21	44006001	44007000	*	2.87554048052762e-09	1.69458463420704e-09	-5.25426643292932
chr21	44037001	44038000	*	2.28422396387286e-115	2.60328145609001e-115	22.0644016919089
chr21	44053001	44054000	*	0.000280159934816113	0.000117852611489039	-5.14521855538094
chr21	44073001	44074000	*	0	0	-53.2357523443462
chr21	44074001	44075000	*	0	0	-41.348315512137
chr21	44123001	44124000	*	7.2144778169942e-10	4.41237924991887e-10	5.42960976414858
chr21	44158001	44159000	*	5.15268906075055e-17	3.90919968671883e-17	-10.1962625600578
chr21	44162001	44163000	*	1.32638685345434e-12	9.07792744660149e-13	-13.0850653262548
chr21	44181001	44182000	*	4.94244130372108e-10	3.03716036063491e-10	-8.59297662706325
chr21	44283001	44284000	*	3.23328659393953e-21	2.67244122515823e-21	8.44471445929527
chr21	44299001	44300000	*	0	0	-44.3294044665012
chr21	44313001	44314000	*	0	0	-53.8264494125858
chr21	44390001	44391000	*	1.74520113340103e-09	1.04031307146736e-09	-7.76488867421397
chr21	44394001	44395000	*	0	0	-22.6964452393528
chr21	44395001	44396000	*	0	0	-23.2492530035858
chr21	44464001	44465000	*	3.37829746648704e-11	2.19044972815029e-11	-8.03383095662508
chr21	44477001	44478000	*	1.38246281686406e-34	1.30055602077215e-34	10.2784677082437
chr21	44486001	44487000	*	4.47503195207185e-117	5.16840360554034e-117	22.0580810063554
chr21	44494001	44495000	*	0	0	-38.6281390374797
chr21	44495001	44496000	*	0	0	-47.1415655716924
chr21	44496001	44497000	*	0	0	-50.0320134462212
chr21	44527001	44528000	*	0	0	-16.1398525044616
chr21	44562001	44563000	*	2.50467246569714e-12	1.68305578358741e-12	-6.16384944143173
chr21	44573001	44574000	*	2.38752021339087e-43	2.33965288128887e-43	11.7976093167351
chr21	44574001	44575000	*	0	0	49.0554251725742
chr21	44590001	44591000	*	1.81814087619583e-13	1.2851527328235e-13	7.48667102806079
chr21	44593001	44594000	*	3.24976168003646e-294	4.97477115229767e-294	-19.0349902929013
chr21	44768001	44769000	*	1.32097336632018e-16	9.90565652413762e-17	-9.83753063319067
chr21	44819001	44820000	*	8.5530202382207e-225	1.17698234655762e-224	19.3473499899178
chr21	44836001	44837000	*	1.2821500189343e-17	9.87206177397328e-18	7.33468819242098
chr21	44837001	44838000	*	4.55314678888362e-210	6.16717941492862e-210	22.0608289018465
chr21	44840001	44841000	*	0	0	27.205920472991
chr21	44852001	44853000	*	8.51575458527006e-23	7.24699316978779e-23	-7.7023519735728
chr21	44856001	44857000	*	6.89371806632311e-11	4.4254431940914e-11	-5.75215897304157
chr21	44864001	44865000	*	0	0	40.4000858261288
chr21	44877001	44878000	*	1.03596955355006e-18	8.14628111065784e-19	6.9320192692589
chr21	44883001	44884000	*	1.08566813285822e-07	5.88826042791949e-08	7.19885553815108
chr21	44898001	44899000	*	6.70882139128047e-16	5.00178538915008e-16	-8.27854818523154
chr21	45078001	45079000	*	1.09258007122991e-153	1.36549850116333e-153	-21.1202185122938
chr21	45079001	45080000	*	1.99280816348941e-310	3.14361928327726e-310	-16.5556537393083
chr21	45138001	45139000	*	0	0	-42.8706395754914
chr21	45139001	45140000	*	0	0	-44.8621898059568
chr21	45169001	45170000	*	3.27382487972952e-13	2.28908552606145e-13	-7.03185528389909
chr21	45209001	45210000	*	0	0	-25.7175749623468
chr21	45224001	45225000	*	1.90691110797311e-147	2.33806344475113e-147	41.8155989501544
chr21	45245001	45246000	*	6.82432342522873e-11	4.3917928430312e-11	5.70956689028543
chr21	45249001	45250000	*	5.28685406594657e-09	3.0735877048467e-09	-7.7885285386566
chr21	45274001	45275000	*	1.82042552615386e-17	1.39336377311135e-17	-6.77359514271605
chr21	45317001	45318000	*	1.10197751634259e-05	5.1275067488856e-06	-5.07606149364731
chr21	45344001	45345000	*	0.000107281128149578	4.6489759473579e-05	-6.00609530721827
chr21	45348001	45349000	*	9.32134067749653e-06	4.37658210841697e-06	-5.46417359645189
chr21	45405001	45406000	*	1.77291363407946e-08	1.00364396693505e-08	-5.30035078430491
chr21	45412001	45413000	*	0.000288356971081815	0.000121103875497628	5.88654425870101
chr21	45432001	45433000	*	0	0	-33.3446230372317
chr21	45527001	45528000	*	0	0	-42.7232567331054
chr21	45553001	45554000	*	0	0	-28.2280563239948
chr21	45560001	45561000	*	5.78091112541567e-112	6.55948501436044e-112	23.8029866112038
chr21	45586001	45587000	*	1.17821599630787e-130	1.41773399565124e-130	23.4438878048835
chr21	45587001	45588000	*	2.43263359807218e-06	1.18519682158351e-06	12.7276112820714
chr21	45622001	45623000	*	9.75835895037287e-172	1.26227822947953e-171	24.7024795225277
chr21	45626001	45627000	*	1.45360879382179e-34	1.36253214856402e-34	-14.1000951156835
chr21	45639001	45640000	*	3.28125315841405e-05	1.47631894410715e-05	-5.47419828639183
chr21	45654001	45655000	*	1.53690181128427e-11	1.01172357649297e-11	7.65436434779094
chr21	45660001	45661000	*	0	0	-39.906600908108
chr21	45661001	45662000	*	0	0	-43.9208792370045
chr21	45662001	45663000	*	0	0	-46.5747783609931
chr21	45663001	45664000	*	1.47279318668842e-59	1.52408804434194e-59	23.8419420662411
chr21	45670001	45671000	*	6.57637395678253e-12	4.35129013358938e-12	-7.43431326357961
chr21	45676001	45677000	*	1.82547955937155e-09	1.08566544698998e-09	5.23209156073553
chr21	45687001	45688000	*	3.80839795299599e-19	3.04092431637772e-19	11.7340296566128
chr21	45698001	45699000	*	1.6882416745945e-06	8.31923920533211e-07	5.23226034769023
chr21	45699001	45700000	*	7.36099840177266e-10	4.49137342925001e-10	8.12980251205298
chr21	45702001	45703000	*	4.66401663950265e-05	2.07678843809767e-05	6.30246142317401
chr21	45707001	45708000	*	8.73303854788362e-17	6.5868770294311e-17	-7.03822013079016
chr21	45711001	45712000	*	1.20511669162373e-80	1.31549455337623e-80	19.0455792024768
chr21	45712001	45713000	*	1.91234907399221e-29	1.72985394091572e-29	-9.99196827075426
chr21	45719001	45720000	*	0	0	-49.6842006298039
chr21	45720001	45721000	*	0	0	-52.7207873684914
chr21	45735001	45736000	*	1.84491342637606e-07	9.78057680831735e-08	-7.09602834855032
chr21	45737001	45738000	*	1.03354683454147e-52	1.05270029134954e-52	13.1387219079227
chr21	45742001	45743000	*	1.95513809732773e-62	2.03135763047167e-62	12.4291246357938
chr21	45745001	45746000	*	8.29574113864166e-10	5.04980444546374e-10	-6.50268767657998
chr21	45751001	45752000	*	6.71210925470156e-27	5.90636096445453e-27	9.84793944873785
chr21	45838001	45839000	*	6.58954782733348e-23	5.62627925971472e-23	-8.26896724378738
chr21	45845001	45846000	*	3.12526777661862e-251	4.39417865034886e-251	25.1272274192571
chr21	45855001	45856000	*	1.11068765906883e-09	6.66688516817139e-10	-6.19897751071513
chr21	45860001	45861000	*	5.63897710796354e-26	4.92852449116707e-26	-9.41487221606891
chr21	45861001	45862000	*	5.42325133503547e-07	2.77279341224351e-07	-8.50900338741308
chr21	45875001	45876000	*	1.29154045021443e-100	1.44021830420112e-100	14.733688064894
chr21	45883001	45884000	*	1.372741723222e-295	2.11391660745318e-295	36.1797650223576
chr21	45922001	45923000	*	1.15341910960341e-10	7.31366860644734e-11	-5.64200149920109
chr21	45926001	45927000	*	0	0	37.0340794430047
chr21	45931001	45932000	*	3.24124593336397e-06	1.56151441501264e-06	-6.94576259270976
chr21	46012001	46013000	*	1.15496713982737e-07	6.22496178140953e-08	5.69172979386749
chr21	46032001	46033000	*	7.65821120704954e-06	3.61538939458361e-06	5.51034810598904
chr21	46048001	46049000	*	7.14499746913488e-19	5.67012688788126e-19	8.30596262230493
chr21	46072001	46073000	*	4.6056930204655e-07	2.36413759900915e-07	-6.05350127829394
chr21	46073001	46074000	*	1.19512517085405e-06	5.98041261276466e-07	7.96132067122224
chr21	46123001	46124000	*	5.60348943897802e-10	3.43521881160187e-10	10.4829314047343
chr21	46126001	46127000	*	3.4373189866706e-14	2.46332057098984e-14	6.73384808001702
chr21	46154001	46155000	*	0.000246166495538577	0.000103721519490243	-5.37406100311131
chr21	46169001	46170000	*	4.3787457856273e-11	2.83203123892638e-11	6.74174449696381
chr21	46170001	46171000	*	3.34836267240295e-116	3.83294291434625e-116	14.6653919182609
chr21	46183001	46184000	*	0.000290741521015849	0.000121907434740563	5.80647958091838
chr21	46184001	46185000	*	0.00116764244366183	0.000458387490490127	5.50535919922047
chr21	46221001	46222000	*	0	0	-24.6388952264199
chr21	46222001	46223000	*	2.44385289672313e-153	3.03962511610682e-153	-28.3762739670635
chr21	46237001	46238000	*	0	0	-12.5599886573281
chr21	46238001	46239000	*	2.36797759302247e-172	3.07845500799404e-172	-8.59413876474444
chr21	46281001	46282000	*	4.44165680925547e-07	2.2844692290429e-07	6.46746563434479
chr21	46292001	46293000	*	1.26615980516274e-116	1.45584219662526e-116	-25.2558805916837
chr21	46293001	46294000	*	0	0	-28.7497790630616
chr21	46294001	46295000	*	0	0	-35.4867108237538
chr21	46308001	46309000	*	1.13019528197915e-18	8.86028820387192e-19	-6.16136732043775
chr21	46317001	46318000	*	9.52621677832265e-16	7.02136648900388e-16	5.20978361105295
chr21	46326001	46327000	*	5.7406027123652e-36	5.44005315680968e-36	15.6176243847477
chr21	46346001	46347000	*	2.10032759247225e-05	9.58323807713795e-06	-5.59313448225627
chr21	46353001	46354000	*	6.82162663614428e-207	9.19168252340723e-207	33.4325151339371
chr21	46378001	46379000	*	1.5953562967507e-06	7.87652584477954e-07	6.13821745283354
chr21	46379001	46380000	*	4.13353548260391e-22	3.49468907309862e-22	13.2268178532019
chr21	46387001	46388000	*	3.7692406402907e-73	3.99643116737555e-73	22.3548921581656
chr21	46391001	46392000	*	1.15634965763031e-18	9.03794056310143e-19	8.92643057111777
chr21	46400001	46401000	*	2.78274693853195e-21	2.31484343725614e-21	-6.80019766510522
chr21	46402001	46403000	*	2.07840018206273e-14	1.49360228571801e-14	8.00547572773132
chr21	46406001	46407000	*	1.84562178972238e-14	1.33001506086967e-14	9.88431117998312
chr21	46421001	46422000	*	0	0	50.0893764447162
chr21	46492001	46493000	*	5.31409894121545e-317	8.48638872311388e-317	36.783200908059
chr21	46494001	46495000	*	0	0	-23.8868427941724
chr21	46495001	46496000	*	0	0	-25.1179855146362
chr21	46520001	46521000	*	1.94439595076692e-195	2.57963579855175e-195	29.9484459200354
chr21	46554001	46555000	*	0	0	30.963796234814
chr21	46581001	46582000	*	1.03941568356525e-09	6.25358573818951e-10	-10.6621411650832
chr21	46630001	46631000	*	1.69622693852395e-14	1.22577067743002e-14	7.6970310391363
chr21	46676001	46677000	*	6.87493390697427e-09	3.97007592048661e-09	-6.65608651868799
chr21	46678001	46679000	*	2.69155694572044e-40	2.61776245514509e-40	10.9488497027863
chr21	46685001	46686000	*	1.18171362595032e-216	1.60904037149597e-216	29.8056343350818
chr21	46703001	46704000	*	2.20079577753869e-31	2.00479376349125e-31	-11.270862829638
chr21	46707001	46708000	*	1.36716570383937e-295	2.11391660745318e-295	-11.4340068366537
chr21	46708001	46709000	*	0	0	-13.9726210159306
chr21	46712001	46713000	*	3.80720737151308e-10	2.34512253966309e-10	5.7052430713071
chr21	46720001	46721000	*	1.86302843425194e-35	1.75904609076384e-35	10.6087201693339
chr21	46723001	46724000	*	1.22414246338774e-08	7.00651130157466e-09	5.03404682349166
chr21	46749001	46750000	*	1.45843715341231e-12	9.92915799393819e-13	-5.74161854042685
chr21	46767001	46768000	*	7.50485649663419e-13	5.17749184085635e-13	-6.5957739756205
chr21	46783001	46784000	*	4.96753264943817e-11	3.20482748223906e-11	6.37221381661459
chr21	46824001	46825000	*	0	0	-48.2049467198287
chr21	46825001	46826000	*	0	0	-54.4232192230329
chr21	46826001	46827000	*	0	0	-42.0186388678452
chr21	46843001	46844000	*	3.01458808676974e-23	2.59965084438873e-23	-11.156871732962
chr21	46850001	46851000	*	1.25214424796193e-167	1.5957565048913e-167	28.9743815498142
chr21	46859001	46860000	*	0	0	-58.4184009214477
chr21	46870001	46871000	*	2.08226755567466e-07	1.10161612373622e-07	5.78467748200043
chr21	46875001	46876000	*	1.25787960705993e-27	1.11446009741312e-27	8.46133062132145
chr21	46876001	46877000	*	0	0	36.7511914387048
chr21	46886001	46887000	*	2.92164608392419e-19	2.3473618012882e-19	9.04181492416787
chr21	46891001	46892000	*	2.27644383522816e-09	1.34459387269643e-09	-6.05521019162996
chr21	46895001	46896000	*	2.85616226657714e-21	2.36829927387893e-21	5.8015615417607
chr21	46896001	46897000	*	4.60673393782461e-38	4.43046335532132e-38	11.9766187326493
chr21	46910001	46911000	*	5.36724250170646e-66	5.6216339489512e-66	15.0507297740919
chr21	46912001	46913000	*	3.7341360613938e-249	5.22187784899899e-249	28.9167250569755
chr21	46913001	46914000	*	6.83973601854591e-128	8.15432290215496e-128	21.9182586797719
chr21	46914001	46915000	*	2.13951592155534e-117	2.48209819191351e-117	26.4921570247149
chr21	46915001	46916000	*	5.62867999590618e-21	4.62279147202651e-21	10.2001761440655
chr21	46921001	46922000	*	1.63914505106775e-08	9.34049371422298e-09	9.32448928174756
chr21	46927001	46928000	*	1.83353263800742e-09	1.08795380235023e-09	6.45483343737623
chr21	46936001	46937000	*	5.24366158221216e-21	4.32029403730347e-21	12.029152772183
chr21	46951001	46952000	*	0	0	29.8600936193924
chr21	46957001	46958000	*	0	0	29.3943150508442
chr21	46961001	46962000	*	0	0	-30.1939506042164
chr21	46962001	46963000	*	0	0	-28.1766190611258
chr21	46964001	46965000	*	7.05597699376881e-14	5.01492071163292e-14	-16.7079631399478
chr21	47010001	47011000	*	0	0	-32.0588013501503
chr21	47011001	47012000	*	2.4021765606355e-118	2.79936964559994e-118	-23.60224835434
chr21	47043001	47044000	*	0.00106563404878309	0.000420254669521928	-5.59862082457084
chr21	47062001	47063000	*	0	0	-49.1200540954748
chr21	47063001	47064000	*	0	0	-50.2769828994349
chr21	47064001	47065000	*	0	0	-50.4832156458387
chr21	47222001	47223000	*	7.35607396486657e-19	5.81978087876192e-19	10.7282870002539
chr21	47307001	47308000	*	1.43371960766473e-32	1.33422086300082e-32	-10.8953007622793
chr21	47308001	47309000	*	7.36538607424607e-13	5.09485950774017e-13	-8.63217930451715
chr21	47315001	47316000	*	2.89348590295798e-06	1.40306155489998e-06	6.26302508989867
chr21	47319001	47320000	*	1.66695856212394e-13	1.18151771670451e-13	8.98717493194632
chr21	47334001	47335000	*	0	0	47.609464838567
chr21	47344001	47345000	*	0	0	31.2923932978247
chr21	47392001	47393000	*	4.55309441985716e-291	6.88840771937975e-291	-27.8870249928759
chr21	47393001	47394000	*	0	0	-38.8671483684966
chr21	47394001	47395000	*	0	0	-32.7219991448331
chr21	47409001	47410000	*	3.62222016589019e-46	3.6042075714366e-46	11.4378622766731
chr21	47413001	47414000	*	3.58237582927283e-45	3.55090404966656e-45	-8.16059960353959
chr21	47419001	47420000	*	1.19149500022655e-28	1.0740354748109e-28	-7.14519220560514
chr21	47421001	47422000	*	4.9875275908868e-75	5.33185393846693e-75	22.7694246804194
chr21	47422001	47423000	*	2.2786465862661e-238	3.16936550273957e-238	20.0431094441171
chr21	47423001	47424000	*	1.45610556916758e-170	1.87415326586861e-170	18.7412176674512
chr21	47427001	47428000	*	2.28195199587984e-07	1.20235665244036e-07	-5.36290533821151
chr21	47430001	47431000	*	7.96934759317189e-16	5.90752599219459e-16	7.31295337985204
chr21	47456001	47457000	*	9.74545310608411e-07	4.91465424130235e-07	-9.85897818683767
chr21	47475001	47476000	*	1.37617046849860e-12	9.39380028229144e-13	-6.20073761349508
chr21	47484001	47485000	*	1.55071911539436e-19	1.25369374947853e-19	11.7573342324244
chr21	47517001	47518000	*	0	0	-22.611961502141
chr21	47518001	47519000	*	0	0	-26.827445848591
chr21	47532001	47533000	*	0	0	26.2586088247379
chr21	47549001	47550000	*	2.0381336595454e-161	2.57209555497787e-161	21.8189207128197
chr21	47550001	47551000	*	6.23731130847506e-06	2.96080098661219e-06	-5.8872899635685
chr21	47552001	47553000	*	0	0	29.9086870918501
chr21	47565001	47566000	*	0	0	49.1151171543262
chr21	47566001	47567000	*	0	0	36.8848945061681
chr21	47571001	47572000	*	8.38131943253252e-10	5.08992159401573e-10	5.86463345172658
chr21	47575001	47576000	*	2.07990585881785e-13	1.46219117413378e-13	8.83493469326658
chr21	47581001	47582000	*	9.79593156714316e-199	1.30632822710438e-198	11.4379461871022
chr21	47601001	47602000	*	3.25322069343371e-44	3.21233280901468e-44	10.3690451280179
chr21	47602001	47603000	*	0	0	31.5263792337741
chr21	47640001	47641000	*	1.42375551279268e-09	8.50659626137717e-10	9.53376231543535
chr21	47648001	47649000	*	0	0	-35.1070648911531
chr21	47706001	47707000	*	0	0	-53.5190256990493
chr21	47718001	47719000	*	5.70246012326245e-09	3.30777299173338e-09	-5.67480455355919
chr21	47742001	47743000	*	1.06768282007334e-290	1.60591334200833e-290	-51.4733307108411
chr21	47743001	47744000	*	0	0	-19.7427601713245
chr21	47744001	47745000	*	1.44028565622004e-177	1.88187920758633e-177	-5.19469417466084
chr21	47745001	47746000	*	8.40688680479563e-74	8.95029242401057e-74	-8.25297106479737
chr21	47808001	47809000	*	3.00051726409224e-262	4.28870183425019e-262	20.4148392175289
chr21	47809001	47810000	*	1.70128046891946e-79	1.83388869402208e-79	11.6994395828396
chr21	47813001	47814000	*	3.45016896106842e-36	3.28155553442078e-36	13.6001820782013
chr21	47831001	47832000	*	3.70602207406467e-305	5.81075221064847e-305	17.079424121981
chr21	47849001	47850000	*	6.33029306887714e-178	8.31315521099721e-178	12.1284596719027
chr21	47853001	47854000	*	2.52492303046919e-262	3.62897467207496e-262	36.8982275885845
chr21	47856001	47857000	*	5.17649483374169e-52	5.25174829399049e-52	17.5916347263052
chr21	47878001	47879000	*	0	0	-33.5543404027028
chr21	47879001	47880000	*	0	0	-32.3343707837503
chr21	47918001	47919000	*	5.78531101478034e-167	7.33676894981936e-167	21.4185875445803
chr21	47980001	47981000	*	2.9665011652905e-09	1.74421551527592e-09	5.37786412735803
chr21	48018001	48019000	*	2.34329319080227e-21	1.96189811391673e-21	5.76187994764928
chr21	48087001	48088000	*	0	0	-53.5829556846895
