chr	start	end	range	strand	median.p	median.meth.group1	median.meth.group2	median.meth.diff	e_value	e_adjust
chr21	9437432	9437539	108	*	1.5484130367529e-09	0.14028483614579	0.6678874844154	-0.526636126981271	5.76568175942643e+31	2.86253918337721e+31
chr21	9708982	9709188	207	*	0.00333774052129199	0.183672021466707	0.501579662466768	-0.336350166608217	4.21307322648449e+33	1.95818896442237e+33
chr21	9825467	9825653	187	*	0.00159334425216179	0.577677894587933	0.29527048220539	0.28219419548647	73225.5000293376	61880.7042501445
chr21	9825779	9825996	218	*	0.00505622776431979	0.582329803940477	0.377454581754021	0.240842274758122	1293692254396.41	947492918712.864
chr21	9826146	9826288	143	*	0.00430413033223383	0.609824689755486	0.372046438823481	0.233777328767119	10649371695127586	7312068593485490
chr21	9926563	9927096	534	*	3.27669618810711e-05	0.132917379612476	0.631491118357622	-0.50854843306896	7.04792948585787e+92	1.46418253403385e+92
chr21	10884805	10885063	259	*	0.000274458643376832	0.278839041449424	0.577406810114904	-0.284897608015122	2.05679544448287e+28	1.13703128445004e+28
chr21	10989962	10990329	368	*	6.56012954165352e-06	0.178693287278757	0.674156060714028	-0.491428355147879	3.84826105091303e+71	1.04336655253628e+71
chr21	10990486	10991215	730	*	1.98695551145128e-06	0.230888721210717	0.647864232969767	-0.41352658040204	1.18182356649069e+174	9.98724140696353e+172
chr21	11106768	11106969	202	*	0.00586230032420963	0.260057769030595	0.597453481535335	-0.364739373089422	3.57055753462928e+26	2.04929886670624e+26
chr21	15038223	15038418	196	*	0.000197150020488664	0.567193260766651	0.825553774867618	-0.253997957003499	138054082763564	98193396895210.9
chr21	15068920	15069377	458	*	0.086214450623051	0.210657758669089	0.373973399813941	-0.176154566243716	4878114175.0836	3744467923.12755
chr21	15095791	15096246	456	*	0.0114723165343848	0.205712503257483	0.436862865435655	-0.231370066911455	4.65318957266544e+23	2.81812889612132e+23
chr21	15134627	15134867	241	*	7.56443367796881e-08	0.559380905794715	0.888996207781217	-0.331726143528174	2.46301590997555e+28	1.35292423224009e+28
chr21	15135094	15135524	431	*	0.000511176798562801	0.429232004517256	0.86288115154317	-0.359136175160983	1.20335250246429e+23	7.33028108895498e+22
chr21	15135775	15136061	287	*	0.000347300456651945	0.461005657969684	0.798476526517962	-0.319989943541987	4.83472440898212e+28	2.60462265695164e+28
chr21	15352413	15352518	106	*	0.000639583435760807	0.548540737725244	0.285709763067022	0.264484164766112	110946.338291555	93366.8128580344
chr21	15436206	15436867	662	*	9.79166022630538e-09	0.546689029860287	0.897883287629484	-0.364310806298806	9.23195047638545e+82	2.14545327972338e+82
chr21	15444192	15444383	192	*	0.0295002200039234	0.928209727604951	0.80716842089207	0.12688630396761	4.17802850976291	3.85437841393621
chr21	15456324	15456546	223	*	0.0419824895435453	0.689055742528772	0.854551473898489	-0.223160714283024	48610.9723153968	41422.0257053733
chr21	15755405	15755673	269	*	3.47381135497553e-20	0.58887376842794	0.0305353917821957	0.554677194949678	2.47242388069129e+70	6.79045995401129e+69
chr21	16436949	16437153	205	*	0.0168892311648883	0.123557525284091	0.0461410256238362	0.0838916436360802	2161.28582188094	1910.15049750745
chr21	17101887	17102827	941	*	0.000226077098352344	0.289307039978925	0.0608664638042768	0.209030269867881	1.85546559078044e+125	2.67866511345064e+124
chr21	18885530	18885979	450	*	1.22124229316978e-14	0.542283384353748	0.043910333282967	0.506887364786154	6.53068850169384e+186	4.82903023012573e+185
chr21	18984619	18985669	1051	*	3.52243168094464e-10	0.468183054275092	0.0439286736910725	0.411647676664811	1.12213168326657e+300	3.55605110894336e+298
chr21	19191199	19191880	682	*	2.35476709287341e-12	0.58018902779834	0.0454963985150303	0.508415854594205	1.45939735983173e+249	7.70808464699859e+247
chr21	19617246	19617440	195	*	2.24004917474394e-16	0.632004284806552	0.065055253405593	0.566949031400959	9.04529091123885e+59	2.77091658196402e+59
chr21	22370344	22370522	179	*	1.09577296189437e-12	0.632089072701266	0.0851314561041845	0.550947172962721	3.29806550478684e+60	9.98709976801649e+59
chr21	22370626	22370986	361	*	3.1746254528721e-05	0.328012230003188	0.0577801369109534	0.270179406588466	1.37247131926938e+43	5.36423649432749e+42
chr21	26934465	26934773	309	*	1.88983754387648e-09	0.524119433038978	0.0852815740566142	0.445847925216479	2.10775143714851e+106	3.78504659487938e+105
chr21	26979636	26980132	497	*	4.1086402749377e-22	0.594826376337685	0.0305236547938118	0.568337080434273	3.20898660974159e+148	3.61575956027221e+147
chr21	27011846	27012067	222	*	0.00521154252398704	0.219005260059836	0.0510868427509912	0.156556061956179	16890.6320345584	14571.1438326296
chr21	27106829	27107394	566	*	0.009851191830813	0.180544716281595	0.0551845691210111	0.127751252692608	1.6803316615147e+22	1.04133229727672e+22
chr21	27107671	27107845	175	*	0.000697028613910643	0.309234101591942	0.0750852055533561	0.233294215207526	28344.4539370489	24252.4729109256
chr21	27107947	27108126	180	*	0.00067239885290987	0.216981443776883	0.0459093454665151	0.17347307509259	236993537.875142	188593449.154162
chr21	27541949	27542264	316	*	0.0496710310718914	0.122114465381981	0.0662864004254969	0.0644763323149426	26037274169406.9	18794511284255
chr21	27542632	27543461	830	*	0.00187168353920005	0.191992700261896	0.0513192865267996	0.134400142759465	1.68540091265521e+47	6.11254556350304e+46
chr21	28337917	28338043	127	*	9.3195400121217e-06	0.670065177581313	0.170766119611646	0.49335650942257	9.49825578154559e+38	4.01334751332912e+38
chr21	28338331	28338618	288	*	0.000303241501211107	0.520741637374713	0.187878986084331	0.355618645727926	2.3372303726513e+58	7.57130965788449e+57
chr21	28340008	28340155	148	*	0.00140302655898668	0.503129947357064	0.132908945789806	0.343264314119846	2.05268127736743e+20	1.32990617970284e+20
chr21	28515816	28516201	386	*	0.0553250585123576	0.59275170987721	0.761410096097428	-0.169631809450449	2.14557371967455e+33	1.00479332646731e+33
chr21	30365057	30365319	263	*	2.79822531121369e-06	0.452240568944712	0.066515177822569	0.390420659395302	5.24661038470691e+39	2.19840364711311e+39
chr21	30375011	30375103	93	*	4.37084123333219e-10	0.594895465647209	0.0505120308889118	0.544383434758297	7.34885569104824e+30	3.75205660282392e+30
chr21	30391373	30391721	349	*	3.01256129017582e-05	0.386804680636859	0.0640475836256557	0.320935897843189	1.0417117871943e+59	3.30247285239431e+58
chr21	30396857	30396965	109	*	0.00407638987417158	0.128490665067413	0.0382789791066102	0.093540315372774	20533163.510464	16628970.4486153
chr21	30445685	30445886	202	*	4.24784948146764e-07	0.540426266294013	0.0675804727195323	0.468305492133861	8.7716401110353e+43	3.33569412673173e+43
chr21	30670778	30671750	973	*	0.00106312520219093	0.185538088636212	0.0443182260587983	0.131639888785298	5.20081937615945e+62	1.50164503114463e+62
chr21	31311420	31311860	441	*	6.44265615348197e-11	0.595542441183934	0.0542539464236893	0.556169315739471	1.47913554652579e+83	3.38534544099213e+82
chr21	32929826	32929872	47	*	0.572244912278004	0.49659925571017	0.577969324341316	-0.0792310784389664	0.961076206694048	1
chr21	32929959	32931771	1813	*	0.000321714298603807	0.28646572091208	0.0671836837047668	0.212179406768572	9.58294939958444e+182	7.76083930248036e+181
chr21	33103990	33104135	146	*	0.0919758883752252	0.125810808851639	0.0593936862564086	0.0666433664866235	144.439985976979	129.69083247933
chr21	33244921	33246581	1661	*	1.58494310332288e-06	0.358460751726653	0.0538512664103944	0.309369670201533	2.95889930619903e+269	1.04186595288698e+268
chr21	33650919	33651061	143	*	1.45443558704372e-17	0.448098872351899	0.0308096815960045	0.420059645523252	5.1287477962652e+28	2.7449636092687e+28
chr21	33765084	33765268	185	*	0.00123431857348372	0.211169088185048	0.0521662639740834	0.147888883008419	7112105.51996581	5809889.0163101
chr21	33765522	33765695	174	*	5.83615755572333e-05	0.198564340843036	0.0329496312118504	0.157944454371172	5927644183.84454	4529221084.13474
chr21	33783950	33784667	718	*	2.53180827707821e-18	0.568366860909628	0.0384519643081919	0.530186713415733	3.096968491258e+256	1.30857823574282e+255
chr21	33784776	33784890	115	*	5.27630962313703e-23	0.643878751273604	0.0409797163276461	0.602319074427703	9.03699404917177e+66	2.54563212652726e+66
chr21	33785127	33785353	227	*	7.26226534944959e-28	0.589217080601675	0.0306348513452173	0.557771388374218	7.25190833227178e+77	1.76190730608011e+77
chr21	33941696	33941824	129	*	0.00576333882580255	0.143890503548469	0.0359552344497167	0.0958839119006681	2653466.17450351	2176963.44598351
chr21	33984388	33984936	549	*	4.2268521428975e-08	0.428056607275898	0.041883728128622	0.389533935359133	2.10167778436845e+101	3.84814242208307e+100
chr21	34099732	34100605	874	*	8.17214808584149e-20	0.561277590424009	0.0339204523541258	0.515610541553919	Inf	Inf
chr21	34143545	34144029	485	*	2.89437947014635e-13	0.568531100964619	0.0573068057246618	0.533478051815811	7.03527556559221e+185	5.44986135362777e+184
chr21	34392169	34392609	441	*	5.94229444580845e-09	0.573381410943364	0.100720934032729	0.504629318394144	2.28104572140104e+99	4.25688109979771e+98
chr21	34395135	34395396	262	*	0.00848001305645675	0.239583266248104	0.0690879515943447	0.12033473186636	594.541086581747	529.643996145007
chr21	34395484	34395810	327	*	0.259002848056809	0.16849499912713	0.104516603425957	0.0673509655998529	8.52833449224033	7.77760082214875
chr21	34398006	34398279	274	*	0.050690073802399	0.184903632441624	0.0832060830091449	0.099799265381103	14250201.8837802	11590833.2223705
chr21	34398620	34398983	364	*	0.0580865421392867	0.185770045876048	0.0826662585856958	0.106800511174094	1061.41537502947	941.819276434601
chr21	34442354	34443403	1050	*	5.10191429449035e-08	0.594466058396093	0.110776429367499	0.463153687899455	6.01909796149421e+257	2.33134075973367e+256
chr21	34444364	34444451	88	*	2.59825825009003e-12	0.572843018214559	0.0773350117336837	0.495255641905796	4.00257001062836e+29	2.08584634356689e+29
chr21	34602261	34603026	766	*	0.12952291381701	0.104241957603414	0.0484993073668429	0.0528513221754925	939575.364292762	780773.89427145
chr21	34638646	34639072	427	*	1.8544003414936e-11	0.531738288978577	0.0332678745784255	0.479105532176842	5.1847653905311e+124	7.6676107888136e+123
chr21	34696669	34697026	358	*	0.00401678069187995	0.200733188410871	0.0468778127364914	0.136306400521249	203331791305.047	152498843478.785
chr21	34773542	34773672	131	*	0.0054808238930091	0.244783755813188	0.465848374319285	-0.217931437821458	46.9391731704917	42.4766461437196
chr21	34773687	34773702	16	*	0.597054897999114	0.307120794856954	0.242842364642477	0.0643159515202629	1.59517048950818	1.52776891952896
chr21	34775472	34775993	522	*	1.14214812977692e-06	0.393839962628079	0.0613932301670852	0.335984795147399	1.95568236605197e+133	2.54789604027897e+132
chr21	34776301	34776416	116	*	1.69914635660348e-06	0.379329475396815	0.0588944020437446	0.32038773451945	7.51762738839235e+21	4.71175237723182e+21
chr21	34851727	34852671	945	*	3.48345521455806e-09	0.415227961962993	0.0441015000004029	0.378857708362903	4.77677221466721e+143	5.88686716596311e+142
chr21	34863666	34864242	577	*	4.0018690753922e-08	0.424267673011019	0.0475725630594138	0.367900203817287	4.81631638816518e+90	1.05144935234592e+90
chr21	34914432	34914999	568	*	0.000103874038287432	0.348718796099274	0.0641776165561696	0.271438411902456	1.68815093843509e+68	4.69591282170324e+67
chr21	34915275	34915869	595	*	0.000249091149724961	0.363774993686927	0.0821188786016319	0.28889550255337	1.62743473477297e+58	5.32927571598191e+57
chr21	34960454	34961132	679	*	6.39660639194663e-13	0.559925022883176	0.0527012385174257	0.511806805940439	4.79987306434387e+300	1.35207691953349e+299
chr21	35013977	35014246	270	*	2.34416768280847e-12	0.611294689859342	0.0645363506652243	0.534529561150484	8.13597726682448e+77	1.94805089487347e+77
chr21	35014896	35015765	870	*	0.0248434291958364	0.22007472485987	0.0842507654123683	0.133045770183179	5.00311367100665e+42	1.99067550994279e+42
chr21	35446068	35446865	798	*	8.94192527918325e-05	0.258595143619506	0.0532072241217161	0.207414407769758	9.3363232573281e+77	2.20258330366543e+77
chr21	35747585	35748102	518	*	0.000148081489441825	0.322703022102722	0.0752481046572572	0.247852488069925	1.84362743184959e+72	4.86873441509574e+71
chr21	35986817	35987785	969	*	5.81203811545479e-06	0.341635167106131	0.0473686096556997	0.268619519164829	1.14354807544704e+116	1.85222575600576e+115
chr21	36041318	36041708	391	*	7.87836039211613e-06	0.618143014554336	0.0866564509195018	0.491550343975348	5.63455598329034e+93	1.1308791938294e+93
chr21	36041809	36042332	524	*	3.73077901463546e-18	0.720806017820168	0.103694550928165	0.603104291837699	8.39197639533896e+150	8.86476379789327e+149
chr21	36042558	36043214	657	*	2.287689921777e-06	0.611317912457798	0.113293253933538	0.475201337977511	9.97121919623784e+144	1.19373750940876e+144
chr21	36164167	36164799	633	*	3.49918049650638e-07	0.571600981525427	0.869900849103002	-0.309996493094179	4.83256254823137e+85	1.08902817988313e+85
chr21	36259049	36259287	239	*	1.20275067307281e-06	0.651568198122888	0.135547196035694	0.522284176782034	8.0106536159929e+53	2.76423962805389e+53
chr21	37432226	37433107	882	*	1.64726629413281e-08	0.466053790430327	0.0525839237653775	0.417209483318253	4.43618890449344e+152	4.5299112052926e+151
chr21	37442214	37442493	280	*	1.02525933709322e-05	0.33141246704002	0.0803141275614974	0.262828813259349	3.96079382284713e+41	1.58989611198793e+41
chr21	37507283	37507524	242	*	1.77996558464522e-11	0.39433654700348	0.0390890873608857	0.356140191759652	3.07883967762989e+40	1.26839521930527e+40
chr21	37508022	37508207	186	*	1.13737386263801e-10	0.541379944460427	0.0339334895144323	0.507355405481011	9.26179886640091e+20	5.87015421109917e+20
chr21	37528542	37529266	725	*	0.00562748201470096	0.197313664606407	0.0624945843139497	0.114246557406889	8.35720684645239e+31	4.09032306921437e+31
chr21	37529410	37529805	396	*	0.0102153028783214	0.248128770008184	0.0751497041654015	0.17415428922749	4.98191991380141e+20	3.17509684647203e+20
chr21	37667855	37667995	141	*	0.00816996712869883	0.605972371856218	0.814138339415702	-0.217074605105209	69609.9206693184	59070.3904271329
chr21	37692413	37692781	369	*	0.00210787463619016	0.176632144669904	0.0471143897801667	0.1212657133666	2.47474762824917e+20	1.58592981810334e+20
chr21	37757529	37757738	210	*	1.25982245236907e-07	0.29259814606811	0.0384885878949922	0.252715282807643	8.23080880807804e+31	4.05744096172861e+31
chr21	37757852	37757994	143	*	5.65387121966964e-05	0.372790221711026	0.0593190993285884	0.302762622639996	1082322274340156	758387790822856
chr21	38065496	38066117	622	*	0.0356519791958262	0.485242978981347	0.27541482002527	0.190038812117559	1.68550774782507e+28	9.43646943324597e+27
chr21	38076808	38077666	859	*	0.00136739818713493	0.495634724985167	0.193212276347508	0.288301084935103	4.48865411173894e+60	1.32763008938757e+60
chr21	38338349	38338524	176	*	4.74931123685435e-06	0.291169539385564	0.0464002647176431	0.245279130635613	160944230397988096	108240661993013120
chr21	38338715	38339143	429	*	2.85439876459746e-12	0.430416134392542	0.0365692283387978	0.39625619149928	1.70880504094741e+115	2.8279520043848e+114
chr21	38362189	38362490	302	*	4.96645489601129e-05	0.361536767776854	0.0641929086525656	0.298433097699895	1.40582037794124e+49	4.99957247084737e+48
chr21	38378337	38379037	701	*	7.69992307491096e-05	0.505205755222898	0.162789869049872	0.354145936475646	2.83560595779858e+72	7.38855073510898e+71
chr21	38379197	38379295	99	*	2.42643132417122e-07	0.524666947094379	0.173847390302493	0.350982190996946	31234267708100528	21116124647729932
chr21	38445425	38445997	573	*	6.58960351674504e-06	0.373261551470786	0.0650760434143046	0.296349392370038	6.30289721107221e+92	1.3315980023392e+92
chr21	38593122	38593503	382	*	4.33221104791116e-07	0.304552209493308	0.033764620641435	0.268072831099518	8.1494784638661e+32	3.90256715171052e+32
chr21	38639541	38639901	361	*	3.73013970763088e-07	0.276642031763389	0.039365456850234	0.221869512736942	3.3703065026883e+35	1.51901138149332e+35
chr21	38640170	38640459	290	*	0.000810364535011412	0.238621289785064	0.0620065469713369	0.172655520933783	5.729817017267e+34	2.60262815220931e+34
chr21	38936067	38936494	428	*	1.55008726290309e-17	0.481687018890317	0.0469762789487731	0.432621093395339	1.88248140363498e+110	3.247943266835e+109
chr21	39288409	39289185	777	*	3.80293419036866e-07	0.489260291712469	0.0824307863042044	0.39238783317664	1.93388202964134e+121	2.9961552571908e+120
chr21	40032322	40032680	359	*	1.12486930155064e-07	0.609389965338334	0.113527017266065	0.497887747377184	1.69975112489988e+159	1.5561101847675e+158
chr21	40033374	40033635	262	*	2.40245278235764e-08	0.653176363572866	0.106315476097733	0.544478382108781	4.49000950828746e+86	9.96023235993346e+85
chr21	40123040	40123217	178	*	0.00638844983428774	0.543375087876297	0.27483387949446	0.244154579413171	1.12811644824523	1.10428300215554
chr21	40123255	40123311	57	*	0.646650932302579	0.400524604273355	0.455563948306391	-0.052732761060036	4.20324989276695	3.86284585215554
chr21	40177142	40177549	408	*	0.000653753270412324	0.212199965451008	0.0466461977770712	0.167772892598012	554416332347575	392386207048812
chr21	40177852	40178620	769	*	0.00313587289292603	0.13240337920666	0.0386344119412037	0.0929031208118527	5.87885711849931e+25	3.41553318504361e+25
chr21	40194658	40194821	164	*	0.00493590591855566	0.571831719013388	0.800903880186501	-0.230398993377317	3710984637.26822	2861639561.83711
chr21	40555096	40555327	232	*	4.08246940020752e-12	0.524974553501482	0.0369262507077679	0.481475061454981	3.04085990784457e+77	7.49507723764507e+76
chr21	40555724	40555890	167	*	5.33446903309187e-07	0.359164210163427	0.0542103318262975	0.30495387833713	2.41237340699001e+38	1.03630125229853e+38
chr21	40684644	40686243	1600	*	5.70425805638856e-13	0.55790260380695	0.0478108124317843	0.505615594834942	Inf	Inf
chr21	40720584	40721427	844	*	5.59255950998112e-06	0.283894093782005	0.0496117155401211	0.238799030099266	2.44158219011558e+97	4.64244500937469e+96
chr21	40752145	40752807	663	*	0.0201150811587642	0.174202949723098	0.0657212895817637	0.107068478322888	1.15208352540052e+25	6.81514198124251e+24
chr21	40817359	40817914	556	*	0.000135340293635116	0.242563408913367	0.0486230982411825	0.185514797364495	2.24638054752333e+55	7.51430112727876e+54
chr21	42161574	42161777	204	*	0.0296844824501226	0.82725523921206	0.656669140046481	0.160434780613434	1.16199790884199	1.12926557338165
chr21	42213517	42213876	360	*	0.266842684387854	0.220375091220851	0.132373193481603	0.0886879374908843	6293.44265195416	5495.68231579096
chr21	42218498	42219194	697	*	1.18008090135403e-07	0.593629531037983	0.118803368303938	0.477329933699788	1.71598925413428e+187	1.20844313671428e+186
chr21	42798189	42798287	99	*	3.12189135288506e-16	0.63967500238975	0.0883173205812039	0.553333572239464	1.04617434712595e+31	5.30454598542736e+30
chr21	42879582	42880261	680	*	0.0455315238459902	0.104714618261877	0.0460366059129117	0.0607358479395194	28661979942.2032	21799252350.4081
chr21	43092407	43092564	158	*	0.0963198912792295	0.723286756902195	0.546872699848234	0.170478931777944	1.43849223177968	1.38277598336568
chr21	43092587	43092650	64	*	0.148298414566689	0.691705089601277	0.816068032044445	-0.124362942443168	0.968760138877816	1
chr21	43160978	43161258	281	*	4.53469008569668e-06	0.640845379470347	0.913335272147067	-0.274679625964402	8.3196067112606e+42	3.28097166077883e+42
chr21	43161574	43161741	168	*	8.08956857254067e-11	0.571192898669773	0.944239852721602	-0.362993686435165	1.00921890304666e+24	6.07663494440069e+23
chr21	43236330	43236497	168	*	0.0291062706405144	0.462027901348242	0.699968912671839	-0.214712754417967	229926.192071318	191875.02648205
chr21	43255534	43255710	177	*	0.0508485567920448	0.56089668909844	0.78864864827291	-0.2284187949175	1.21855397461469e+20	79806703971243917312
chr21	43256383	43256896	514	*	0.0348368794428954	0.633353560381289	0.858879006823211	-0.173030510630351	235254263680.228	175612337676.79
chr21	43327742	43327979	238	*	1.26652761399551e-06	0.571710851191929	0.900343868698316	-0.289977088020845	1.64274735051616e+24	9.83334681646998e+23
chr21	43373468	43373955	488	*	0.000196476637115839	0.275466147023739	0.0660013583142448	0.215842772799796	7.18556435306495e+59	2.25181418106613e+59
chr21	43374115	43374248	134	*	4.04961894709925e-08	0.41441130202623	0.072939075190938	0.350852000630482	1.50849491103571e+36	6.6395022492769e+35
chr21	43429305	43431484	2180	*	1.76737882669662e-05	0.282758269927887	0.0518721682554212	0.229456851875791	8.55560817433866e+225	4.82006094328939e+224
chr21	43442204	43442291	88	*	0.0938564377104806	0.686440796007197	0.463333366532597	0.222927045686873	10.3238272284765	9.37868811601032
chr21	43442311	43442438	128	*	0.0403645381103818	0.247996856342099	0.538314337231351	-0.2884655097604	2.09794733358155	1.9723659791066
chr21	43638975	43639929	955	*	0.0229468934945213	0.148115473969242	0.0580314728648742	0.0914986368348762	3.05272799055799e+46	1.11790039090856e+46
chr21	43654905	43655360	456	*	2.96604596344815e-05	0.412730315835574	0.108522242715238	0.28903735616459	4.21354557811066e+57	1.39462424064226e+57
chr21	43916415	43916816	402	*	1.02800999295109e-06	0.219231800717348	0.0380873319336362	0.177487891069654	1.39583416639407e+38	6.04533811501655e+37
chr21	43933902	43934336	435	*	0.000694250193603482	0.187428491270564	0.0431326811799534	0.133481966457706	9.60569187055887e+27	5.41165739186416e+27
chr21	43934510	43934754	245	*	0.00508811914052623	0.132348701594559	0.038464537507856	0.0810743286463225	300777263.867878	238291846.374199
chr21	44037331	44037461	131	*	0.017113049690213	0.242769708118373	0.497412549552902	-0.255708403502818	532252646.803044	419804904.520711
chr21	44073219	44074470	1252	*	8.44336524427239e-15	0.565659143625984	0.0396323904652355	0.513890420805175	Inf	Inf
chr21	44106398	44106477	80	*	7.60246115526759e-07	0.486904163495047	0.852623963267725	-0.357366966151498	74950234.8791718	59907406.0477887
chr21	44299152	44299406	255	*	1.99793308331391e-08	0.482660597068642	0.0721805922365162	0.409294855338856	1.03066185723075e+59	3.30247285239431e+58
chr21	44299666	44299779	114	*	3.12831734252618e-13	0.540865945510886	0.0298548460654781	0.511011099445407	8.94545503750813e+32	4.25224095092816e+32
chr21	44313111	44313664	554	*	2.74473977751222e-13	0.568805707757228	0.0454597708750281	0.531430090411411	3.36008345978844e+192	2.24794315971762e+191
chr21	44394146	44394599	454	*	0.000165585911172225	0.266686687183413	0.0508329907989564	0.219393452686033	2.73574385170243e+41	1.10778360192176e+41
chr21	44394934	44395788	855	*	3.02377759685529e-05	0.265136475681693	0.0574117393159604	0.214238096394009	7.55117104354271e+91	1.62190645653558e+91
chr21	44494772	44495193	422	*	2.24560217521974e-15	0.610442505507918	0.0722855030560877	0.523645824821495	1.08293349382179e+93	2.21162474090365e+92
chr21	44495580	44496922	1343	*	1.03515766887454e-08	0.542820141773279	0.0862014355205794	0.454408770850888	Inf	Inf
chr21	44527201	44527839	639	*	0.00396750644059125	0.219077435916685	0.0618224124332588	0.138573608561737	9.58771861968e+40	3.91611042212282e+40
chr21	44574235	44574752	518	*	0.000289187297580702	0.294771784512097	0.703518806788505	-0.433593090313736	5.84730858481493e+52	2.03832235879112e+52
chr21	44592572	44592642	71	*	0.235473546188422	0.287185259251127	0.45356504382405	-0.162795097279454	1.24022784588485	1.19812708457266
chr21	44592684	44593627	944	*	0.0331233606334699	0.391501405406376	0.222376922434986	0.201767922649584	3.57837626371273e+28	1.95298704533617e+28
chr21	44819067	44819384	318	*	0.00333931280879536	0.153046273312234	0.467032684528085	-0.295419290228822	2276314510177189376	1506856084201801472
chr21	44830999	44831143	145	*	0.00201354346519182	0.316654788193554	0.787159498649335	-0.462183626911558	975868851626.951	718157007007.158
chr21	44840130	44840442	313	*	0.0269948177421682	0.61060848585854	0.821365273441728	-0.206340525150413	1.80638329517011e+21	1.13853031632201e+21
chr21	44863934	44864518	585	*	0.00903442560675794	0.28929475420963	0.597004065348445	-0.298919856637138	6.23539964427363e+45	2.30534141777722e+45
chr21	45077730	45078183	454	*	0.0261256748430382	0.596250475769791	0.393882933513999	0.217600783334754	5.95850891533781e+32	2.87435113169465e+32
chr21	45079310	45079815	506	*	0.0510913331880774	0.549668815919736	0.415740336441773	0.137436923516252	2.49558027379029e+32	1.21264111895444e+32
chr21	45138335	45139610	1276	*	6.81381065984919e-09	0.463509121756419	0.0522004346520237	0.399878289746854	Inf	Inf
chr21	45149332	45149612	281	*	2.28338172963085e-08	0.0915607324433613	0.682216688492958	-0.613033434211951	4.55321859955822e+37	1.98802502234232e+37
chr21	45209333	45209758	426	*	6.82854533650427e-08	0.300665342949378	0.0387669371380815	0.258402361163764	6.71353393714667e+54	2.26936358438761e+54
chr21	45363511	45363699	189	*	1.98039380693577e-07	0.432457464448659	0.845578303343237	-0.404798077208425	7034726579535553	4854952146440029
chr21	45363893	45364173	281	*	0.00130810524068089	0.32373158364399	0.754903497974454	-0.431171914330464	1.14535527422295e+23	7.01731752516877e+22
chr21	45402666	45402811	146	*	0.0258449017539588	0.480981696148541	0.76786125400214	-0.308911427861905	984298799.700942	772882508.215881
chr21	45431808	45432173	366	*	2.98624523410394e-07	0.409531601360806	0.058568036479341	0.350415563237944	5.47631195599509e+76	1.36907798899877e+76
chr21	45432403	45432943	541	*	1.2084585647728e-05	0.293485624081125	0.047783503841606	0.241251749813016	5.03675757484484e+60	1.47201013631029e+60
chr21	45527036	45527163	128	*	1.05645910143169e-16	0.556316078771162	0.052052448787907	0.504263629983255	1.96062881001639e+43	7.59398482752826e+42
chr21	45527264	45527791	528	*	5.49090034709838e-07	0.495916242896195	0.0789794526859573	0.39805741939208	1.15620260940611e+128	1.58774301995909e+127
chr21	45553061	45553426	366	*	4.65681346173226e-05	0.29128034273803	0.0401937281043534	0.232419756461394	2.82965483996351e+40	1.17570165885808e+40
chr21	45586708	45587005	298	*	0.0114251121912229	0.250201936359484	0.559911260346794	-0.282956690470162	431204885249.276	320367009815.484
chr21	45605679	45606052	374	*	0.100778176346071	0.599019294344321	0.463517392972961	0.14539481738787	4.80125750141649	4.39551743087425
chr21	45606111	45606183	73	*	0.0114078741766149	0.472712023916222	0.706903118766	-0.252838733346024	1.2373385164314	1.19812708457266
chr21	45622435	45623006	572	*	0.0330937534506871	0.259201169502907	0.496750469820507	-0.23678961179999	179914220761.588	135569166348.521
chr21	45660210	45660368	159	*	7.26878242238947e-08	0.622241635710621	0.0743141904594738	0.53719275714075	1.94612029741024e+28	1.08270072884091e+28
chr21	45660486	45660680	195	*	1.06054773918781e-20	0.618995084441933	0.075606546436805	0.522870279205715	5.48739887544678e+38	2.33794107017275e+38
chr21	45661015	45661277	263	*	1.8069496720494e-05	0.47503081595869	0.0733704669057202	0.38299438352691	5.89061176470853e+62	1.68006884838518e+62
chr21	45662109	45662531	423	*	6.24547461130343e-11	0.512261355628838	0.0553973165403273	0.440525214903499	1.10961494688259e+74	2.85217926487427e+73
chr21	45662678	45662969	292	*	1.95126801777225e-06	0.517453504785354	0.0750164498850545	0.444304936014792	1.44283453434826e+72	3.86110650036857e+71
chr21	45713634	45713777	144	*	1.37131311087423e-05	0.235733701345277	0.617724501560376	-0.381990800215098	1303149078633430784	867236534724360704
chr21	45719652	45720139	488	*	2.68340179774882e-09	0.525980931701685	0.0654200340575476	0.437883496355888	4.84885513155042e+220	2.90248370550553e+219
chr21	45720270	45720446	177	*	2.57290696480926e-13	0.521429805418185	0.0360204592750783	0.491906377178342	2.80313226321758e+76	7.10653249829808e+75
chr21	45742633	45742806	174	*	0.000416438444005571	0.479278174889954	0.797238531208838	-0.319053177822449	66591613.9091606	53460873.1383402
chr21	45759046	45759332	287	*	2.33896440783491e-16	0.622205158453184	0.0540376525341773	0.570143833382643	1.46564025723667e+120	2.32231730900176e+119
chr21	45811354	45811450	97	*	0.000585865121115792	0.183503657438119	0.495283079733342	-0.316766018811776	99532875024694.5	71144977570468.2
chr21	45845198	45845578	381	*	0.0164238121621724	0.30555081736282	0.539869257196403	-0.233570799309855	2.23743695469384e+20	1.441728741933e+20
chr21	45883632	45883901	270	*	1.09149525282421e-05	0.177644672327462	0.571108376239874	-0.375393930653867	1.35899091205979e+44	5.12014181656329e+43
chr21	46143489	46143567	79	*	0.00231224444849754	0.516105504205524	0.184620169843333	0.331046562310493	15334354443064618	10420881716589688
chr21	46221395	46221901	507	*	3.24647515646359e-06	0.30806380670533	0.0467854067902133	0.225629980992979	3.9579654312942e+43	1.51907828172911e+43
chr21	46222183	46222341	159	*	7.80180009904859e-06	0.380779672906331	0.0616502789358215	0.319551878521355	3367684192094062592	2217454027892921600
chr21	46237141	46238465	1325	*	0.157015202165222	0.191916445405984	0.097436357129392	0.079523353191466	1.17113231217284e+33	5.52576513490001e+32
chr21	46238485	46238889	405	*	0.0891540277450082	0.203508923962242	0.100198485315503	0.102328475876792	1363957863.06956	1066192414.08958
chr21	46292943	46293124	182	*	1.29203309403634e-07	0.360048510536022	0.0536242037127944	0.311204537353977	1.06288502315749e+27	6.06293569547581e+26
chr21	46293448	46293724	277	*	2.9639314006874e-05	0.322506083202713	0.0540913582460507	0.270261647184906	2.64467176323446e+34	1.21058918739605e+34
chr21	46293971	46294517	547	*	1.20700321291381e-09	0.473101510859893	0.0477370717358686	0.428274168509175	3.28764792162242e+95	6.48268604263575e+94
chr21	46306545	46306701	157	*	2.03356457690497e-06	0.579891442826218	0.901558098502719	-0.3254457507773	248612881877016736	166325519565609792
chr21	46353573	46353867	295	*	1.15892506685965e-05	0.128817234588445	0.545038629645141	-0.41836931854486	1094949669194469	763380403170792
chr21	46377067	46377465	399	*	0.00330297010361528	0.825556418877883	0.956602387951944	-0.128432716234703	3972.72673236167	3483.13012802133
chr21	46399280	46399403	124	*	0.0537319962101563	0.598030125079272	0.764383067060744	-0.162978297982017	2.57746419403617	2.40502820922389
chr21	46408724	46408851	128	*	0.149212774978123	0.53581566061658	0.618660677329517	-0.108018970644419	1.15203659116557	1.12364132307346
chr21	46408891	46409021	131	*	0.0359142564733185	0.686249332627102	0.527416194128775	0.165602328053433	1.74294112174748	1.65088437235941
chr21	46409052	46409053	2	*	0.40523864252479	0.264158435362516	0.373968467931689	-0.109810032569173	NA	NA
chr21	46421232	46421494	263	*	3.00144253954995e-05	0.203531959875397	0.667586950498753	-0.462606216685983	6.03153401005944e+35	2.67596227206863e+35
chr21	46492331	46492635	305	*	0.00018391935485366	0.26270929508635	0.744206094671101	-0.493507890921137	1.70274367730404e+26	9.83274517879799e+25
chr21	46494288	46495429	1142	*	7.83720108858475e-08	0.276005228547074	0.0461347068793688	0.234460797864648	4.9848939736941e+156	4.91468419941672e+155
chr21	46520851	46521162	312	*	0.00271115200222999	0.554708424528349	0.831516048800642	-0.294424196425849	1.57992828708574e+20	1.02917863771431e+20
chr21	46553660	46553764	105	*	0.000470804714528733	0.60174033668989	0.869493534388142	-0.266229110407849	5115244072875.82	3728364517905.96
chr21	46553992	46554393	402	*	7.2555630891719e-08	0.556152592060277	0.87882620427475	-0.343875728201663	4.13872277691708e+60	1.23870223957025e+60
chr21	46686925	46687103	179	*	0.000720235408893834	0.571104388267102	0.859370984447544	-0.288266596180442	650374166916274	458009976701601
chr21	46706774	46706918	145	*	0.000943652535635414	0.650906555304702	0.28688455810039	0.369729773678143	15052385960321886	10282263648952274
chr21	46707733	46708730	998	*	0.00614388259296453	0.15729392904086	0.0501279414263799	0.112162797028429	2.87470617015575e+44	1.07295371139616e+44
chr21	46806390	46806511	122	*	0.273891778813005	0.557581804219121	0.710113541701602	-0.137566785280006	1.61730318756473	1.54327170362691
chr21	46806536	46806601	66	*	0.554198186336648	0.673186490594298	0.582777818437827	0.0908671249435563	0.871682032993208	1
chr21	46806681	46806862	182	*	0.0117307194455686	0.487696651453225	0.740046735334132	-0.252350083880906	3.11971259968655	2.88902962576606
chr21	46824612	46825398	787	*	3.45175784031304e-18	0.588629443550339	0.037998470013773	0.549987180712134	Inf	Inf
chr21	46825677	46826200	524	*	1.56974702521697e-21	0.581235469379157	0.0294312921531737	0.542468769519126	1.38756050662477e+255	6.35150936131058e+253
chr21	46850350	46850351	2	*	0.280974434995761	0.64023244659553	0.48656073975113	0.153671706844401	1.8783003169668	1.77248058079966
chr21	46850449	46850499	51	*	0.514162204586824	0.3841752714004	0.309950761260184	0.0735935585912276	1.67206977283819	1.58964379812082
chr21	46850586	46850741	156	*	4.82441484653788e-07	0.0767647002171784	0.55682796500526	-0.480907669170945	5213724988010444	3616562755767808
chr21	46859298	46859984	687	*	1.39063943128256e-07	0.596825540642644	0.0945637383549385	0.515984288746735	3.33841598400415e+146	3.87914533352595e+145
chr21	46876301	46876724	424	*	0.000738257138676169	0.264086819668017	0.625811848685404	-0.372282965757192	2.64585184994887e+48	9.50270734840792e+47
chr21	46894962	46895566	605	*	0.0749753420293488	0.568710137758028	0.735477688145209	-0.172479701186244	10691.4699280596	9298.56715574196
chr21	46912468	46912823	356	*	1.59505164177703e-05	0.499438275750129	0.824619010960574	-0.358054020172762	34942652115114.3	25099651519307.5
chr21	46913237	46913347	111	*	4.38689857530631e-07	0.583130487913325	0.88247760802801	-0.301986008952201	1398887.66584224	1157530.2868765
chr21	46913588	46913767	180	*	0.0608040077784786	0.56782884848255	0.74855212073221	-0.18088113590717	24536.1669025381	21080.3687472511
chr21	46929741	46929904	164	*	0.0792901279282691	0.591137381095848	0.714768120030546	-0.167501174078189	43129652.2009838	34777078.7113567
chr21	46951003	46952262	1260	*	0.000343918985468277	0.57069263150777	0.883491358390442	-0.304472064963102	1.1627037778294e+143	1.47384985922037e+142
chr21	46957410	46957898	489	*	0.0132771322602297	0.562802624819652	0.770416525746849	-0.199588102672014	5.6706796308944e+31	2.8353398154472e+31
chr21	46961701	46962991	1291	*	2.9979632857322e-05	0.373606214060797	0.0931555006507093	0.293857244336174	2.26226103465984e+149	2.46936943924137e+148
chr21	46975533	46975836	304	*	9.92006136556817e-08	0.726548523712529	0.170826840558184	0.54719862450725	8.12282000599405e+59	2.51693014270238e+59
chr21	47009807	47009909	103	*	0.130527639448373	0.370452942125377	0.514628292541968	-0.147779816159319	3.08413263221379	2.8669401933255
chr21	47009932	47010414	483	*	0.00331213783270522	0.455555428623429	0.181248635155933	0.262577857688683	2.73066394630638e+29	1.43263707042131e+29
chr21	47010759	47011082	324	*	0.000783967909990006	0.49061409644227	0.204644643229138	0.316696283852358	4.77854265576961e+31	2.40609718230653e+31
chr21	47062037	47062753	717	*	4.44383651453168e-10	0.532890713551667	0.0923551798704153	0.446187955698715	8.33899020480054e+214	5.28527548191583e+213
chr21	47063135	47064244	1110	*	4.51171013444598e-10	0.57782023980218	0.10930220355256	0.483426767150149	Inf	Inf
chr21	47334174	47334419	246	*	0.000658648328199986	0.11185192289374	0.508391103084723	-0.342037224870611	9.8756649554256e+28	5.25079369108896e+28
chr21	47344015	47344214	200	*	9.97388750905794e-07	0.643639703353812	0.936062706230595	-0.29147090085103	8.224871362251e+22	5.06814256476734e+22
chr21	47344675	47344940	266	*	0.0469300782674265	0.418888568596319	0.682910716990696	-0.263802655243659	640111332560.828	473321759992.161
chr21	47392531	47393406	876	*	2.25892115621685e-09	0.449502069444655	0.0616710225548072	0.384273571563977	2.11779683517008e+97	4.10136711036459e+96
chr21	47393696	47394432	737	*	5.56532074217785e-06	0.481385816762956	0.120071939961317	0.366848342792256	3.54260843701683e+121	5.36380854900436e+120
chr21	47399248	47399369	122	*	6.13219951713758e-08	0.0830478703705762	0.628041292613282	-0.545081788470411	4.36368442342674e+28	2.36622324368915e+28
chr21	47421864	47422307	444	*	0.00261390340795161	0.57887094879994	0.819219344819707	-0.247441699632964	9.09270950311536e+29	4.67442108258747e+29
chr21	47422642	47423321	680	*	0.0666490873272358	0.53819293935544	0.741993744436874	-0.19724908870852	1.32667872358381e+25	7.8012446069893e+24
chr21	47423636	47423805	170	*	0.00213768246494029	0.556025968391166	0.807767390092155	-0.256473696711249	3584265917.2261	2776544020.38642
chr21	47457288	47457617	330	*	0.0120039490583293	0.565794566548544	0.804663348379797	-0.259469460214885	2091005644.13468	1627155800.54143
chr21	47517778	47518897	1120	*	0.00043550002363243	0.342190801158989	0.10199153548986	0.248416930874765	4.78563538314116e+126	6.74033152555093e+125
chr21	47532120	47532334	215	*	2.93722205128185e-11	0.552746092799055	0.884264015769114	-0.32773502518047	1.48510927353774e+27	8.41910538871748e+26
chr21	47532557	47532773	217	*	0.000153060190382363	0.563964501944491	0.876266724097299	-0.331157759084907	20514059877364.9	14879916671609.7
chr21	47549167	47549411	245	*	0.000221895094086904	0.548358100086653	0.835333084076643	-0.247432339320183	33887892723.1133	25654566674.1879
chr21	47551963	47552605	643	*	1.44131006402981e-06	0.597229082167418	0.890076222855827	-0.276964743083379	4.08160396279054e+113	6.89848557091358e+112
chr21	47552613	47552849	237	*	0.538615361301964	0.679024728515033	0.610896809567734	0.0783115097878312	1.05496621131105	1.03639286252036
chr21	47565568	47566232	665	*	5.10085487460295e-10	0.0989698397032804	0.745794076985152	-0.619009023120118	2.4582833673403e+166	2.16398183744745e+165
chr21	47571730	47571909	180	*	0.0398495279027265	0.401383234632331	0.64825349329939	-0.239852607601968	2.26465486185221	2.12112039877707
chr21	47580520	47580847	328	*	0.0329355474483435	0.502933591539669	0.718148997194445	-0.213229428116758	232.641293057379	208.066508579487
chr21	47580853	47580960	108	*	0.566643235121943	0.702569091082305	0.643988485161733	0.0560999518741696	1.00802208648824	1
chr21	47580965	47581188	224	*	0.340470268902586	0.627990424506896	0.751310568421948	-0.0818022212576468	135055.050373651	113179.936580736
chr21	47581241	47581703	463	*	0.0915024541934088	0.655682700777908	0.792059531999392	-0.133858947076038	3782.6292719316	3329.77928867218
chr21	47581744	47581999	256	*	0.135855201948952	0.603750597468729	0.758144093164771	-0.132867003501697	2253531.02812373	1856782.60767941
chr21	47602475	47602703	229	*	0.000916489086153342	0.634700893223087	0.870287319984543	-0.228151174420435	7.91131548554633e+21	4.93064380613275e+21
chr21	47648252	47648862	611	*	1.28795265437069e-08	0.411632656133617	0.0472677658548338	0.354088478197233	1.11327147557106e+110	1.95998499220256e+109
chr21	47649157	47649441	285	*	5.55650486879208e-09	0.348079761518064	0.0415658851863437	0.304586393791894	6.36590961493261e+49	2.2415174700467e+49
chr21	47705662	47706418	757	*	4.59574153273678e-12	0.581399544150928	0.058471438295464	0.51359883194325	9.12237944516197e+250	4.49694761381224e+249
chr21	47742891	47743081	191	*	5.9325940713706e-08	0.512054401539061	0.0664710011977248	0.444299939513984	3.86531907146206e+35	1.72850535942142e+35
chr21	47808736	47809197	462	*	5.94459490120858e-05	0.605293890978335	0.900247890646953	-0.284380683055572	4.8391036841378e+24	2.87960747401158e+24
chr21	47809304	47809427	124	*	0.516533806139238	0.630729645005239	0.70800663773309	-0.0772769927278513	0.944094736524584	1
chr21	47831550	47831925	376	*	1.28132236742911e-06	0.720456033927451	0.959412825678668	-0.235985021756907	7.62554526623022e+33	3.51741700660619e+33
chr21	47849132	47849372	241	*	0.0270640845376494	0.744599526155089	0.883501388872268	-0.125037532064519	15651.168279293	13556.9978757256
chr21	47855970	47856124	155	*	0.0270878098361827	0.675395488398734	0.846239745701061	-0.158087247694583	76.9994527504708	69.4079574088751
chr21	47878474	47879542	1069	*	3.65710806071192e-07	0.396055746850778	0.0584995361261475	0.329426190379421	5.62084943988978e+158	5.34376531257127e+157
chr21	48018572	48018844	273	*	0.00251539043623377	0.565059087403901	0.876367639749772	-0.318091957449859	2.69311623846726e+25	1.57414540699143e+25
chr21	48055453	48055528	76	*	1.66421665123261e-28	0.546433281388588	0.0107922681161257	0.535641013272462	1.70480009621798e+29	9.00422586030623e+28
chr21	48081656	48081835	180	*	5.55598650836663e-18	0.0540416510245302	0.585367555790432	-0.544901478964941	2.06236131174376e+54	7.04398053658961e+53
chr21	48087205	48087630	426	*	9.276073605802e-23	0.602054801850515	0.0233265687753495	0.576065213564938	3.2750823891812e+129	4.38215249256639e+128
chr21	48087968	48088073	106	*	8.5788462532532e-09	0.643106954557968	0.0788663977322222	0.564240556825746	6.90870732434186e+29	3.57598583337413e+29
